-1.901279360305627997e-01 -1.301218905473244369e+00 1.800579971657769285e+00 1.715425063815627871e+00 -5.666807575031668209e-01 7.043579004407766186e-01 -1.479479785548239779e+00 -1.286191923346612587e+00 1.530836572795031714e+00 -1.270057856706590105e-01
3.966484132033287757e-02 -6.234129590466712389e-02 1.533503522153096821e+00 1.058595368489199773e+00 4.791480173740350623e-01 8.631950828938816933e-01 -7.501897990057283527e-01 9.796186221987190912e-01 -8.979807781252105991e-01 -7.844430195465937339e-02
5.090446942115797180e-01 7.270814216601451108e-01 6.637586461856782583e-01 6.133705054958005221e-01 -6.566324010412174506e-01 3.817358204287473605e-02 -1.589473236394715605e-01 1.255000730718388580e-01 -8.717157321996482633e-01 1.457501340425882530e+00
1.813632316445359938e-01 -2.248823951709268132e-01 1.487486076340701846e+00 -2.525030150940313245e+00 9.856789167918998951e-01 7.586766579566620594e-01 -8.637849537217321405e-01 4.928735156684936891e-01 4.615501016794925082e-01 -1.213450140667541088e+00
-3.954752179070137458e-02 1.555961936380252097e-01 -6.935982591707936518e-01 -7.687292340263385260e-01 -7.526550421860488393e-01 6.640133728613037967e-01 -4.129802385603167370e-01 8.997367330683096742e-02 -7.347659637558696943e-02 2.398256363144839476e-01
-7.348762783771279894e-01 1.715540705133692945e-01 -7.932569078157003517e-01 -1.203843799130944470e-01 -2.691462391263990672e-01 7.338842889404780800e-01 -1.263386560999096186e+00 7.685525799761468990e-01 2.498285289410251964e-01 1.450559099289636000e+00
-3.311641510658252519e-01 -7.917306477986547908e-02 4.512775617491810443e-01 -1.192159348795317070e-01 -2.467646478566399293e-01 -6.546953618166989619e-01 -1.000215674082998857e-01 -1.215487368049734673e+00 -1.250405818176995254e+00 1.102908400562754965e+00
4.410428629183603122e-01 -4.190179886758303544e-03 -2.221143835450590576e+00 -1.050724246433253906e-01 5.314818184653683497e-01 1.198882410822943667e+00 3.000512799219110516e-01 8.114936507914604080e-01 1.122440899089412136e+00 2.655133809427385749e-01
9.418080595506957975e-01 1.174548733960829372e+00 9.524229644685472396e-01 -1.937157393046743531e-02 -7.374954789394346788e-01 -1.089366506207587237e+00 5.477483639031397455e-01 -1.849939724526477869e-01 5.541314917817481422e-01 5.479319690171495782e-01
-9.104506527102733671e-01 1.616684473882237016e+00 1.119709875383708003e-01 3.916547976415953869e-01 6.420045530982028126e-01 9.621569474279868528e-01 -1.087813933394656374e+00 2.130568712458453806e-01 2.779899681991441218e-01 2.494461326414229241e+00
-6.468773394021268830e-01 -1.950076738409751709e+00 -1.366328131182664718e-02 1.730542990665686842e+00 2.104433960298517092e-01 -5.992428042979350833e-01 -2.812038840296528619e+00 -1.179463932044548802e+00 -1.873285491478549281e+00 3.169313524734621024e-01
8.091844186414230700e-02 3.384700987021808660e-01 -1.294022240119564460e+00 -1.333978179346108517e+00 -2.588744927273676777e-01 3.226534086804873358e-02 1.254808007642143508e+00 7.087933376498373184e-01 -1.342475015718381348e+00 -4.660980000982065108e-01
9.847248429083058641e-01 -4.659605593221562980e-01 5.400585542090992064e-01 -2.985116047180467677e-02 -2.568418126818579061e-01 1.240931879886898237e+00 4.464970469979267359e-02 -1.891897450393864144e+00 8.701706842540174458e-02 -4.198486273070990982e-01
1.201125833211241556e+00 -5.466817628982775235e-01 -7.610981591922935108e-01 -7.438439853461139561e-01 -1.588918993115256972e+00 6.111223644048378034e-01 -1.022166349420802645e+00 3.706480570136034269e-01 -1.266303291703535727e+00 1.112610351597423053e+00
-4.551468107019118053e-02 3.760276056832083102e-01 1.060739306549099981e+00 2.708885869018642811e+00 -1.184187016314428131e+00 -1.441482553116340881e+00 1.759183103974189200e+00 -5.555432288959853970e-01 -6.513039600149148622e-01 -1.135639614277445197e+00
1.120358743284990855e+00 7.722576124242492845e-01 1.004087684778068645e+00 -6.167889465115319325e-01 -4.224401415958448092e-01 -1.943081155020883188e-01 8.371185399027515350e-01 5.523295224328608199e-01 5.136182008738183757e-01 -2.171406336157475636e-01
-1.198837427542240874e-01 -3.524252458780270936e-01 -1.280652924845972207e-01 -1.306208383208266044e-01 1.592556960674353483e+00 -4.950425967359866480e-02 1.381402684000216929e-01 3.051153659862125833e-01 -3.663449834464900523e-02 8.276621830447319916e-02
9.424543412242418761e-01 1.777801075916655704e-01 1.902901506722053659e-01 -1.140182568133218721e+00 1.924424714029903116e-01 2.388723644820309744e-01 -3.557378471967139778e-03 -5.831978521019407502e-01 -3.347860399817357280e-01 -1.334301954559989234e+00
-1.914030171681350589e+00 2.272223460874422396e-01 4.699517054219629064e-01 4.800869459745759488e-02 8.785534052296763985e-01 -4.302722534590979753e-01 -1.716944048905549414e+00 2.398449723482207474e-01 1.238982532751427001e+00 -1.245983062100759486e+00
8.646220249515735867e-01 -1.183357238561689728e+00 -6.989230058379664046e-01 -6.562764610104171448e-01 -6.216002159083323653e-01 2.322002648734776409e-01 1.364386834230646217e+00 1.767392753262874150e-01 1.286001746586675765e+00 6.871568605791867901e-01
-2.528679919239674168e-01 -7.574986256167469678e-01 -1.121332509363767160e-01 -1.171571264094856346e+00 4.056236055445454625e-01 6.335567609868857364e-01 3.131301458089242873e-01 -1.465838937603937353e+00 1.037714136504790163e+00 2.745974955509626891e-01
1.475901545852544017e-01 5.899534662104596316e-01 1.959856814933774172e-01 -7.359803667010810235e-01 2.915427135172810602e-01 1.047794821331310237e-02 5.689316071036171207e-01 -4.952532739091496383e-01 -1.148188732784523047e+00 -2.902461181939762991e+00
5.738266783888589240e-01 -6.228946598813569491e-01 -3.021125530651658231e-01 -3.695572771242903315e-02 5.109919623994258614e-02 1.103611445113209077e+00 1.446218813837744976e+00 -2.278217122851455390e+00 -2.819567997105833501e-01 -7.481589671511430506e-01
-6.993611518806166494e-01 -6.493508194251095267e-01 -2.547092561944371281e-01 -5.756365167972635755e-01 9.476322106811870816e-01 -1.376097152952807434e+00 -2.285811822480569855e-01 -7.553457921262300978e-01 -1.298820029093445516e+00 6.578473947763781027e-01
3.100959564727936990e-01 6.747732183918165871e-01 6.485634235763186872e-01 -7.716443049939371024e-01 -4.209466228690970646e-01 -1.621312177559250944e+00 1.189151641923950287e+00 -9.968021883186582999e-01 -1.338039382087015117e+00 -2.477846634207809373e+00
1.549165634014918247e+00 2.222878010851601083e+00 -8.785822949589431330e-01 4.467892228722294967e-01 5.943118336603125940e-01 2.230675078726276350e+00 -1.030852129437530573e-01 -2.663653034708990397e-01 1.523229515479822105e+00 8.880206715501472170e-02
1.027766225203592176e+00 2.196540093923320114e-01 8.595573994037575272e-01 -2.406642497312280055e-02 1.111811368346201867e+00 5.600447247366826531e-01 1.657381894132987643e+00 -2.076052771279112974e-01 -2.064401565579957187e-01 5.801758562058392243e-01
-1.238653199523218174e+00 -2.754605989239248820e-01 -3.330374342049652880e-01 8.295426792797657711e-01 8.541658900142199418e-01 -2.030443414925109824e+00 3.732698321445565015e-01 1.348620777191605447e+00 2.773631410806499595e-02 -1.120654606459148939e+00
-1.085802245001837196e+00 -4.682703979205014855e-02 -3.808495464446933210e-01 1.261049389547767685e+00 -1.586787455608343000e+00 -5.052014728854635761e-01 1.383228992899812271e+00 1.513763463788594166e+00 4.719764654807563353e-01 -1.247739894250905701e+00
3.884952102571634924e-01 1.425182903596721395e+00 2.124148173624542224e+00 -8.385121351457726080e-01 -9.592288804316171369e-01 1.420691138284335464e+00 -3.199478521936366393e-01 6.412006715175155858e-02 1.760759807691423262e+00 2.537467255833532609e-01
-7.771016215589940934e-01 2.029701598875965018e+00 -3.172832906798540020e-01 -2.219229107332519879e-01 -6.075723321507908725e-01 -1.214825759582667031e+00 -2.342159580342363601e+00 6.672510240437412588e-03 1.401233431445910060e+00 -5.047303785661967357e-01
-1.139774899808286834e+00 1.022060501543173849e+00 -1.877443694439018929e+00 9.358587806076115179e-01 3.160132372265707645e-01 -3.555999381615306820e-01 -1.318050282656249295e-01 6.724714950208524611e-01 -1.416870710021355562e+00 1.269241068282071616e+00
-3.384774620296890357e-01 6.018174842500094712e-01 7.806383395788565327e-01 -7.704372075193620661e-01 -6.135940712288632248e-01 -3.934297787254856238e-01 1.641278703983155007e-01 -5.394073631192961571e-01 1.053196326130751981e+00 1.906452599030594025e-02
-4.628813593282887773e-01 -3.340240157419232525e-01 9.723464851313695645e-01 -8.678969211325706645e-01 -2.475585696807455771e-01 1.178802177503821103e+00 -3.183362060773212154e-01 -2.070943871456019658e-01 1.030831220577259844e+00 3.076202414363815030e-01
1.505770803962248827e+00 9.055017830902980513e-01 1.010418170884504141e+00 -9.917935197851485141e-01 1.321565500089512402e-01 1.127445958512714119e+00 -2.778348424368027869e-01 -3.768306703815516023e-01 -4.408591609980769821e-01 6.870076947892681529e-01
9.485643574233980635e-01 1.722707083933786298e-01 1.271706651998186222e-01 -6.909385912149800246e-01 1.720989246840506803e+00 -2.828687290944792987e-01 1.584517317131579173e+00 -8.277711191990566597e-01 7.507506867126138017e-01 -2.038058606329219979e-01
-6.783502901696485121e-02 8.253246301561185660e-01 -7.301983811116093126e-02 1.026038264145254564e+00 -5.995126403331730858e-01 -9.214852748149277017e-01 -2.615681497028089719e+00 3.535283555466211536e-01 -1.181955640000624586e+00 -2.484028328421737708e+00
-1.281677461056168088e+00 -4.799845927630170817e-01 3.011140707079378309e-01 9.230038050924124216e-01 1.393580022205201052e+00 -1.156847682666107824e+00 -5.540217751801641555e-01 -4.337365113140327910e-01 1.082926878050723296e+00 -3.060188237332766570e-01
-3.146933882827743778e-01 6.904838103261046189e-01 -2.979124264006081102e-01 5.521142742001190484e-01 1.284577530347362773e+00 3.485088054793026857e-01 -2.218500976848589712e+00 4.859345903158548974e-01 -1.205545503742996072e+00 1.695355256305383973e+00
-3.231557673363579797e-01 -2.386579413258192728e-02 -5.298800587440289922e-01 7.750988424204979799e-01 3.046720421684614433e-01 -1.194527406298938388e+00 2.941074693890545211e-01 1.121868824455363400e+00 -1.151108351556071885e-01 1.453820376708200302e+00
-5.382842826225217037e-01 -1.450977152240247925e+00 5.832926673424670971e-01 -2.860889657469315228e+00 1.222292080095010114e+00 -2.665383456890601521e-01 2.268280860825451217e-01 2.103567796750321905e-01 1.741361545984562720e-01 -1.006957096159103893e+00
-8.688012646125051752e-01 -1.237046704370322159e+00 2.489822925231450212e-01 1.119262813519776578e-01 1.302857353879218083e+00 7.733944407154546008e-01 7.580428227683772002e-01 -1.691926594565202058e-01 -9.832476960452404269e-01 7.795442540936002862e-01
2.873706854176106065e-02 1.325734449941661897e+00 -4.191339269137742130e-01 2.568768797384578528e-01 -5.634601973158590571e-01 -5.844735002135348356e-01 1.362589103243952104e+00 -7.545324617351558683e-01 1.153605898311460987e+00 6.061512221010073587e-01
8.160747528980534238e-01 -3.984808724949133740e-01 -1.400223840699654554e+00 2.126798659925764612e-01 -2.534224753923423612e-01 -9.762408974667236006e-01 -1.527032014271427318e+00 -5.885002380970110192e-01 -1.566566354059876209e+00 -1.290327602288449338e+00
8.842364122233715706e-01 -5.814252127869574682e-01 -8.996292654700543956e-01 -6.657275923711701848e-01 6.681569944987520993e-01 -7.299010627735004197e-01 -4.472358951286671824e-01 3.296158775027406562e-02 -2.215689264663325830e-01 1.625006770647053234e+00
1.472627373018712549e-01 4.975257603095847303e-01 1.330652491585660457e-01 -1.334485266622702282e+00 -1.528953659725770242e-01 1.364302542272193830e-01 1.380122403707182865e+00 -2.235599382197791529e-01 5.409396963152667270e-01 2.460766043777183221e+00
-7.425464497817469978e-01 -7.288877249497016653e-01 -4.810081118539662887e-02 1.915465039184633289e+00 -5.947371037188349252e-01 -1.258311816576225262e-01 -3.947042452047822003e-01 -7.911646905643042738e-01 -1.483101314229476886e-01 6.745159282687170910e-01
1.976455735264404656e-01 -4.751282900726274128e-01 3.728508532410671483e-01 -5.097204040771744493e-01 -1.646581101186786356e+00 1.705968860043889146e+00 1.038604398374002979e+00 -7.620593210157343700e-01 5.374302120905606328e-01 1.912281346029899964e+00
1.100677617512283851e-01 -7.092284971408705507e-01 3.538080047688599850e-01 -1.769719760893521787e+00 1.273473507376768010e+00 5.339383898130372064e-01 -1.235360898524635820e+00 -1.037881770638374723e+00 -7.873024922772955403e-01 -5.591779257256727087e-01
1.435111975117700167e+00 -2.327123778895289208e-01 -2.067887308105165634e+00 1.233059860232567223e-01 1.806111221840674297e+00 -1.618833850387667139e+00 -1.028113949914251979e+00 6.069801353719895820e-01 5.259861115161852396e-01 -2.839416227085878597e-01
1.449031832248637297e+00 1.014008543491334985e-01 -7.518487838850788085e-01 8.474133684006160960e-01 3.934040954383562494e-01 1.120803851749331698e-01 5.987602925921139269e-02 1.516292604130007549e+00 -4.918610951986294166e-01 1.155006477789188857e+00
-1.162150873880493790e-01 4.946463227842238380e-02 1.610734593292388217e+00 1.099064226505020114e+00 7.507877709169558100e-01 9.233738231012976749e-01 -5.744720928156407669e-02 -2.278734204310746581e+00 -6.157283187295592430e-01 1.272260160036253307e+00
-2.970390264637127187e-01 2.076214248736898860e+00 -1.303307082875700074e+00 -1.129481178802925617e-01 7.017450595733071284e-01 -5.327775936924477040e-01 5.463928445341462853e-02 6.419964011640040269e-01 -2.558062903157223289e-01 9.191252395115171447e-01
-5.735969755366567835e-01 -3.775649014653887914e-01 -2.415552518262766707e-02 -9.046018724310039838e-01 -7.032838368184040068e-01 -4.956723811862899232e-01 1.148531602586207789e+00 6.707100935847676304e-02 3.075718912716515208e-01 -7.512824806168122427e-01
-2.150398659736276752e-01 -6.168497511856782523e-02 -8.909129753497802007e-01 -1.178148931267857913e+00 6.742568181949273320e-01 -1.002346653751546635e+00 1.724079873260671469e+00 -1.680110003793558571e+00 -2.338638452410282120e+00 -6.101746060215871292e-01
-7.904779477633401275e-01 -2.054294576350257362e+00 3.839201781219925280e-02 6.167157525458297762e-01 7.660177444107396649e-02 7.888380780544050896e-01 7.964456490470479544e-01 -3.932200546939880748e-01 -1.310124849637620548e+00 1.201961298303895642e+00
1.341155282004775851e+00 -8.754044314128778259e-01 4.446806259580878828e-01 9.152670130896316536e-01 -9.621997243357642837e-01 -1.004046335053138561e+00 2.577643977542733444e-01 -1.148289452045774262e-01 3.844557205990518645e-01 6.026292728955956468e-01
-8.687010991545258687e-01 8.979524110914753887e-01 -3.021111600113674522e-01 2.408238176038502987e-01 2.246996883919069321e-01 -7.932002237876125544e-03 -1.772809935788095093e+00 -5.018272086638846385e-01 5.519857263816422277e-01 3.130833598120662753e+00
-6.714743831666153406e-01 -1.089690872771788221e+00 -4.975780228760990909e-01 -1.124120835486938530e+00 -7.771541807281618919e-01 -1.840941117702898699e+00 -5.889134475846596883e-01 1.124109965024816304e+00 -1.687345233388970911e+00 5.758238298310157655e-01
-4.999640162604282456e-01 1.005842585101099251e+00 -1.937457355765769274e+00 -2.668537840120355775e-01 -2.311176101964188767e+00 -2.325548234783005319e-01 8.696737223463227862e-01 1.536721230309379349e+00 -4.593314688349588865e-02 6.037772496073575690e-01
1.024477189730220950e+00 -3.419805263874276524e-01 -7.192525848037698566e-01 6.855732418752557011e-01 1.445482448865841096e+00 4.893824105368174866e-03 -7.746579541540213887e-01 7.034717486096488948e-01 8.423490026873287073e-01 -1.420357070270711342e-01
-2.114276897177949366e-01 -4.173379105331142397e-02 1.684840983981312768e-01 2.502909699383482622e-01 7.097063293418199859e-01 -5.337417280696963306e-01 1.191148298543743961e-01 -3.749700347414979262e-01 2.518281573285142683e-01 -1.213506106112153954e-01
1.558384439259493104e-01 9.944010428519053368e-01 2.223403754622289341e+00 -1.692521933547977753e+00 -1.023479567226591724e+00 -1.201427033143695366e+00 -5.279760109945079716e-01 4.568299958367781910e-01 -1.477932221121258882e+00 1.383677489254535153e+00
7.027258646192646729e-01 -1.113040309290840524e+00 -1.064747573186443752e+00 -7.125113798881942129e-02 2.042954361580220368e-01 -5.425165241199485233e-02 1.190789965457430766e+00 -8.144311292223231913e-01 -5.219018069312760799e-01 -2.057110924766956672e-01
-5.854169747764046416e-01 3.008877719137640905e-01 1.550041058991774579e+00 2.436221026143301049e+00 1.420144503840330863e+00 -3.250712152252234755e-01 2.110214244691217544e+00 1.374703996360535363e-01 -7.091615153082199141e-01 1.241735072940615137e-01
-8.614428678205014733e-02 -1.190303367938340795e+00 -3.443155678659383656e-01 6.989158408641333864e-01 -2.276419158911737295e+00 1.429695226010532227e+00 1.776686843173307384e+00 2.586378066960403732e+00 -1.541601804842698487e+00 -5.118071317735786163e-01
-6.319527276142339334e-01 2.055864667413843105e-01 -1.512480200733630653e+00 5.962015026657022099e-02 9.490147738138843270e-01 5.306173997580566210e-02 2.655269765962970374e-01 -1.030333122191746220e+00 1.180245260184666245e+00 -1.602706756510900443e-01
1.039536774674738040e-01 1.151742147032554175e+00 -4.815101621324248682e-01 4.065576627621872441e-02 -6.583013803608562808e-01 -1.164511412358956999e-01 -5.802463339363704842e-01 -1.155660412864541353e+00 -1.064912339549261233e+00 6.164560313553615334e-01
-6.518134642942123580e-02 -1.005740800671315466e-01 7.013443549301100477e-01 1.078367447989027061e+00 -4.195652655599293457e-01 -1.136949462382522480e+00 1.273133459485302543e+00 5.277007307344480092e-01 -2.601230893134075517e-01 -1.103048261111910566e+00
-2.201083017922403628e-01 -8.074420879817474361e-01 -2.643581827463699074e-01 -7.929333771988072987e-01 -6.838153309874429597e-01 -1.316369710192043296e+00 -4.248830468642693092e-01 3.796417432597964242e-02 1.614843632448321298e+00 -4.505131401699627447e-01
-2.042630132654833730e+00 8.690802942699187295e-01 3.047438227548022738e-01 -2.668291987184337466e-02 5.342618069403917147e-01 -2.586458749000885571e-01 2.368236825871376794e-01 8.392843455191993998e-03 -6.808698705876300439e-01 -1.188948867163789114e+00
3.194230723704644115e-01 1.388025818003137957e+00 -1.581091090388878628e-01 2.477136468509637979e+00 -2.373512717615908763e-01 8.318697003404659229e-01 -2.697414360138711942e+00 5.918878827770820417e-01 1.055344810337288525e-01 7.766050092491380008e-01
1.587730601641975881e+00 -5.482849158744450557e-01 -1.991309980037034633e+00 5.029026914748540023e-01 6.622367519556909832e-01 1.171507748862076870e+00 -1.294057297533406092e-01 -2.473126954185446702e-01 -2.943150336503358097e-02 -8.262343543354442321e-01
-5.331302970843795203e-02 -3.898692264850613376e-01 -9.445166917255188865e-01 -1.176974582027693617e-01 2.377072597381141961e+00 7.815202543419377257e-01 -7.831933460565498883e-01 1.899251848762925743e+00 -5.778153542442800994e-01 -2.191684664541319605e-01
-1.651387043718634873e+00 -1.373491446610062006e-01 7.746390214202315549e-01 -1.888139670267720005e+00 -3.541651559028136109e-01 4.049591972865803635e-01 -1.703661818607308254e-01 1.110077990378589119e+00 3.957496991118900076e-01 -2.179582991284402915e+00
3.656741979266466824e-01 -7.781607113202089199e-01 -1.091518143734934609e+00 3.456240476663670069e-01 -1.700317053974819803e+00 -1.018680276867848900e+00 9.426642480041662608e-01 9.217784645786919473e-01 -4.240298339527706281e-03 -2.835337273909617761e-01
6.739880018369395209e-01 1.304874945249002050e+00 -7.406608505563790912e-01 2.163316660985268036e-01 8.843959525521097875e-01 -5.386323783028615919e-01 1.464980003413340226e+00 -5.878386969900301073e-01 -4.164772177995813007e-01 -1.185533566657593907e+00
-1.064639241921453650e+00 2.028721402054978751e-01 6.043310728222374140e-01 1.212001124803689711e+00 -5.521110242855010730e-01 -4.429836318088124503e-01 -1.918548311717761523e+00 -8.022840946459596223e-01 -5.195962406343033191e-01 2.183555996217990458e+00
9.453966704847714952e-01 1.978706877748833970e-01 1.574239133909598909e+00 2.340617079748408269e+00 -2.206124369773733829e+00 1.035308252140138441e+00 5.607799785296493367e-01 -4.864675927626828100e-01 7.944285974577823817e-01 -2.568726598649617165e-01
-1.196198269359880273e+00 -1.593414623828661170e-01 -1.139942757192399653e-01 -1.153528605071850954e+00 -6.845211003117213089e-01 -4.456076708931889785e-01 -2.444438451872920748e+00 8.812785463998142887e-01 2.014460417936259351e-01 -1.318751315402634461e+00
4.670014917580546099e-01 -1.148797111245791536e+00 1.070922504227845629e+00 4.649886336295300238e-01 9.317056283381651705e-01 1.995666422420774300e-01 6.328851091494657188e-01 1.149906356042651040e-01 -7.036266538825357575e-01 2.192431647435103548e-01
-1.738035009603071890e+00 2.366442606919413050e-01 3.015624477168926676e-01 2.067809549056230267e+00 -1.514621320811731175e+00 -8.627009079612348863e-01 -7.866472437432603382e-02 7.350236312193360044e-01 1.143588743072681435e+00 1.808839733301242703e+00
6.210660071753467681e-01 6.938760889784850727e-02 -9.161997685860105989e-01 2.369152236452896965e+00 -2.279125633156035557e-01 -1.048071217774779296e+00 -6.386544428521750971e-01 5.261287306375032058e-01 1.364146365567486363e+00 4.494982359934949212e-01
1.105378014521430918e+00 4.331250961009070477e-01 2.766328668846836369e-01 1.400714930141905068e+00 6.282177459904673134e-01 -2.884954859100078428e-01 1.393902238963152129e+00 1.769251553270423827e+00 -1.213435681823466394e+00 6.795562613682970543e-01
3.567914165239402524e-01 5.578184599131704724e-01 1.762043500689954301e-01 -2.378786253267373141e-01 7.067369525879844128e-01 -1.131778322835206296e+00 9.188594061916900424e-01 9.950963682640119323e-01 8.938729122966406759e-01 -5.433588314996393720e-01
-1.174087534912524156e+00 1.782653934753475999e+00 -1.051115214394843456e+00 -8.780323211276662709e-01 1.750574166162880640e+00 3.493912473035410415e-01 4.152250971416527325e-01 4.217554337234191153e-01 -1.824744443788270720e+00 1.763333435853201570e-01
-1.150856644161741826e+00 -3.066700168569528318e-01 2.395917835737470192e+00 -3.139317855697008608e-01 -1.221291293149914026e+00 1.784362361441585443e-01 1.273167456207795700e+00 -7.705314513817742572e-01 -3.322749127790259882e-01 -2.025204999545830553e+00
-8.859704521397466781e-01 -1.509446417607943625e-01 -8.785580984836791618e-01 6.982861776487524486e-01 4.559547054179783898e-01 -9.030535288934042892e-01 -2.929483676187549790e-01 -8.790381208922277700e-01 7.739435367445491876e-01 -8.711173819083264380e-01
-2.156011921239463225e-01 -9.406902412190265572e-01 -1.098154205538374839e+00 -6.141388291357641194e-01 -1.183064481965595327e+00 -2.096695874117564529e-01 -8.842100334978977294e-01 -2.948359737297974181e-01 3.225271563863703617e-01 5.180218709435028268e-01
-1.132016812269013961e+00 -3.179484254886832950e-01 9.915983863788595531e-01 -5.024436786986135051e-01 9.362733515477847934e-01 -5.850922767144260961e-01 -6.491149880625557422e-01 1.136034468269060627e+00 9.502044568624542498e-01 -1.616575953148270683e-01
7.925126011746649324e-01 7.132237779975804035e-03 -9.758367346852714341e-01 -2.084152166379577287e-01 1.409878397523428806e+00 -4.493075515100145023e-02 9.510279687515346136e-01 -1.102506043970807426e+00 -3.935100269750445579e-01 1.363533220642820232e-01
1.415406527490348232e+00 -8.143962324030742383e-01 -7.932555530088523099e-01 8.941667754749966779e-01 5.148222146383307773e-01 -3.933181048148633452e-01 1.180978461106949817e+00 5.080415729199592167e-01 3.325805492581204812e-03 -4.900267454825494862e-01
-5.700892819339072881e-01 8.610281508185474442e-01 -1.029080923406415077e-01 2.676080738560581707e-01 3.055258997285230649e-01 -1.437279001975741988e+00 1.372573367711253933e+00 1.712082125890721507e+00 5.153640845765018463e-01 1.174150472758214825e+00
1.387483600000077345e-02 -1.207068042969654309e+00 1.955867814588063025e+00 1.805558380275955388e+00 -8.906636912607727163e-01 9.758223210267759073e-01 -3.275542016284405111e-02 8.038956350806980566e-01 5.042480954852376351e-01 7.235107069656550038e-01
9.165492667880713595e-01 4.832052332256218941e-02 2.327559143533606545e-01 7.204761314570139463e-01 5.154759709064355988e-01 -8.488267970529607132e-01 -1.599745743739772408e+00 -1.273266673885202094e+00 -8.263146308142899077e-01 2.266164497315059645e+00
8.502051688031387888e-01 1.237786643011423715e+00 1.417010130272968960e+00 5.552575330919469199e-01 5.994149331027559535e-01 -5.205886698469301965e-01 4.842585300297161388e-02 -1.335704731691725655e+00 6.609800755048572674e-02 -1.725447551113771683e+00
5.793049542484958181e-01 2.732329924406071142e-01 6.209377950830197168e-01 6.234681017136002312e-01 3.413532058096045430e-01 3.518633952623909655e-01 8.128815375664354137e-02 7.577291141047675094e-01 -1.254638249330480626e+00 -4.087109547507357110e-01
-1.881793208190577715e+00 5.192705757143782908e-01 1.359349477057665734e+00 -2.529518265835823398e-01 3.271568124886656825e-01 -3.128196973496660260e-01 -4.479160342801210004e-01 1.777627969258234852e+00 8.267425720534116174e-01 -6.272767402190971842e-01
-8.470866799907741385e-01 9.760304464814784087e-02 -9.719141064056892043e-01 -1.079729901463301722e+00 -2.281370577254331067e-01 5.926395877543355617e-01 -2.470219340175440870e+00 1.724022671149693542e+00 5.719830655604537378e-02 -1.467334274742351674e+00
-2.395709407622884923e-01 2.797611745809993611e-01 -1.757347772479620929e+00 3.534445299774471860e-01 -1.674718975463404869e+00 1.592329631009421265e+00 3.550142908353299265e-01 9.304915191581532019e-01 1.463816935227600258e+00 2.788793715101689941e+00
-1.163616145815653979e+00 -1.071328426849428972e+00 -1.715517421789630736e-01 1.324966644904072233e+00 -1.327708984053650454e+00 2.193772886675040001e-01 1.158347383009800557e+00 -6.804904489699210579e-01 -1.024592392584467576e-01 3.037785243621968778e-01
-1.972799978199054172e+00 3.683617685106267969e-01 -2.722890853289057778e-01 1.731062379551481234e+00 1.930439865857102921e+00 6.343617937872131698e-03 1.381716966000210156e-01 3.525204713126333517e-02 -6.079964793689618396e-01 -1.700029624387662697e+00
-2.802603753410393583e+00 3.408724105320792841e-01 -5.136947711563023544e-01 -1.285705392515261281e+00 -9.124998628083431651e-01 1.239708077904182693e+00 -1.375017152999194192e-01 3.532289226969387297e-01 1.186781910496909287e+00 -4.581231710876328411e-01
-2.267813593041044240e-01 5.034828606637195003e-01 -6.941846541927894076e-01 3.862692673191208681e-01 4.392051071390597472e-01 -7.769633129170565589e-01 -5.855502738091568071e-01 -1.454603489779862535e+00 -1.812580197286849104e-01 -4.516186240426347531e-01
-2.559603097576318431e-01 4.835439513215266105e-01 -1.572076597010358956e+00 -6.749410945795671912e-01 -7.822346838824505155e-02 -1.540053373077675758e+00 -9.562553636621987652e-01 3.003623748044491060e-01 -1.305705625293655414e+00 8.813362839290254103e-01
-2.866555439641977343e-01 -1.631836691506566961e+00 1.049723772451383041e+00 5.090383640238775875e-01 9.002805110538950606e-01 -2.196269768892617491e-01 -1.926976784534049081e+00 6.948626354581002307e-01 2.510791931938090027e+00 -1.562891331529089323e+00
-5.990234908860762042e-01 -6.206353899478871394e-01 -1.356208207432905710e-01 -6.378587938832920301e-01 -3.722701856018482691e-01 -2.896689870711808834e-01 -1.708564824819453598e+00 -6.645305684567294202e-01 1.593508735361444471e-03 -5.100112573608276412e-01
-9.669905350201334349e-01 -1.157364413087157873e+00 9.188656364994461923e-01 -2.579083800803262938e-01 8.985075525231199511e-02 -1.957953590228809659e+00 -1.113950335394909841e+00 -6.954109347054798773e-01 -3.952420089454217189e-01 -8.165214522976130818e-01
-7.143052552545081646e-01 -3.892591824381821941e-01 -8.651625864274045674e-02 4.713075608652893440e-03 -1.186498229802813026e-01 -1.720232524826206921e+00 1.372003670466362957e+00 -1.556026128807109998e+00 -1.905290873042457533e-01 -1.482606336595794438e+00
3.185871049268923505e-01 -6.940042859873147840e-01 2.014254885218222491e+00 -2.431523917716370276e-01 -6.488132719031286522e-01 -8.053810977856331599e-01 3.706532715165301028e-01 -1.458629179211973770e-01 -6.037792912080268692e-01 -2.042438026459459863e-02
2.073347537584173228e+00 8.510399765714424802e-01 1.031340234549670054e+00 1.560107603718390579e-01 -1.192306321420750548e+00 7.963117754281417993e-02 -3.629775968081206394e-01 -1.333084723473958455e-01 -6.456139292616521752e-01 5.740362654410726684e-01
3.099107465686865126e+00 7.935590206800651192e-01 2.967269728613673441e-01 -4.403855173019180502e-01 3.707011720644117214e-01 -1.502918021807470028e+00 -8.683913573091897042e-01 1.398115968038939005e+00 -8.095741684297708129e-01 1.043335365914258128e+00
3.218066381095405770e-01 1.763228610757325399e+00 2.223653802807859514e-01 1.984198941037949582e-01 -4.986145765626202042e-01 -8.706946630106906504e-01 -1.351343586223064941e-01 -4.620045978758513527e-01 2.671883157994209057e+00 7.796626617028286077e-01
-1.365305203475496665e+00 1.533679101368938591e+00 5.307091055774924848e-02 -1.181844619509820005e+00 3.391368819326051609e-01 4.744797838997059092e-01 -4.659980911054330543e-01 1.286539842516629895e+00 -2.801936553242670991e-01 5.636250062544956307e-01
-1.270162936081675298e+00 -3.123854558681479765e-01 -8.066281442225304854e-01 -1.018421416675711733e+00 -1.258287390858212618e-01 -1.197456935650298426e+00 -8.218222053045318720e-01 -1.815558205846922846e+00 -8.917321962262129142e-01 -3.480377658542604946e-01
-2.379964269684509692e-01 7.469289427675684934e-01 1.982298584389537099e+00 -2.636381146032075740e-01 -1.175326916013321871e-01 -4.446047203735226105e-01 -2.489219498989549084e+00 1.113359146617584727e+00 -5.290294191799499446e-01 4.055735105599079376e-03
-1.370933966546269644e+00 -7.519315373504149580e-01 3.739683203796636546e-01 1.275186740121495577e-01 1.265234797978259884e+00 1.110381950420775032e+00 3.473128485569180746e-01 1.063929038563481200e+00 1.611310215273942248e+00 1.181077571489602684e+00
5.210502788554645104e-01 1.418683343289999010e+00 -8.750877585860131758e-01 -1.225865610668245731e+00 5.526677285179476540e-01 2.882668403675810453e-01 -4.535536689871867977e-01 1.680370344358128376e+00 6.235605616895151249e-01 -4.687780457060773398e-01
1.922424428941209018e-01 -2.048386502574584822e-01 7.996448837789482678e-02 -5.597945602773587437e-01 1.103397189709765663e-01 1.470905952068725542e+00 -1.302277379779958888e-01 -8.913820030297275876e-01 -3.284848570524070976e-01 -4.889324894640337815e-01
-1.575060044792140790e+00 -1.531084681942397552e+00 -2.099953926313800345e-01 1.586283952876700987e+00 -2.216082560699752069e+00 -9.329172594536443430e-01 -4.272421061549567245e-01 6.674857935851488122e-01 3.372918470729191487e-01 9.798414722477533090e-01
-7.820102713063280531e-01 -1.517259247570258651e+00 -1.922400639691505209e+00 -1.201770802794090570e-01 -1.217806959152552215e+00 2.942904636989152500e+00 -1.852826068066714349e+00 3.944720782016007954e-01 9.579148735963405326e-01 -2.247934424683375662e-02
-2.281163852342345255e-01 -2.096110826645361414e+00 1.207957137626969768e+00 1.534043146037797622e-01 -8.711252247407862415e-01 1.533502112296662556e+00 -7.264442584185817342e-01 -7.971310239070208414e-01 3.813911725840964939e-01 -7.125824050401672327e-01
7.802556669273320589e-01 2.876188907352621893e+00 -7.067918448852613666e-01 1.161667516236551956e+00 -1.195956206532966082e+00 -1.049206239561454312e+00 3.998493544474618910e-01 -1.849088925150385254e+00 -6.978390231050433101e-01 1.430054816842239784e+00
-1.459237854337784634e+00 7.839592945619225928e-01 -1.090859546587363421e-01 5.505968095617685965e-01 8.254108847080233735e-01 -4.042871549441701684e-01 7.789995559018759730e-01 3.886631006594025717e-01 2.302791782404050858e-01 8.530727197502629977e-01
1.077281463941809569e+00 4.037752135251753693e-01 -8.771361494537724957e-01 -7.960982028428407187e-01 -7.570822940724382111e-01 -1.809203804063682919e-01 1.022707725568027665e-01 7.172506815536787428e-02 -1.427953055217553668e+00 -5.258343910226302986e-01
-6.625683386653247187e-01 -7.234877064928176837e-01 1.035759890482463641e+00 3.218057171462599619e+00 4.791609454689041425e-01 -6.530055467094846300e-01 -4.501226797481960307e-01 -1.911051741415323413e+00 1.404011539396243791e+00 -1.533105133839679279e+00
-3.076407939703347250e-01 -1.917803341893937530e+00 3.654648068155612606e-01 -3.116734137461960041e-01 9.414850829575703850e-01 5.134342159836329245e-01 -9.759161234332054402e-01 1.234394480160367485e-01 6.326094247115043867e-01 1.158889401235125988e-01
6.102964056421866790e-01 -5.221887853034347104e-01 -1.549218858770129659e+00 -7.670782632009225388e-01 -1.957177566474019414e+00 2.970517447802937250e-01 -8.050980173721223876e-01 3.040265849315644253e-01 1.548079666243974972e-01 4.017859980376449758e-01
-5.105539960606263472e-01 1.796619867129224835e+00 5.276163743516528240e-03 -1.061215719622107534e-01 3.258118360265343516e-01 -6.379892133952614897e-01 1.187470592809574121e+00 1.414123262286986593e+00 -1.221887244835891950e+00 -1.271331754696230609e+00
1.184809606851698449e+00 -2.725452019731264275e-01 -6.823759683565410183e-01 -1.293411902387544832e-01 -8.053581877103948017e-01 -5.521623137944452892e-02 -7.465874750716941510e-02 -9.448716738306945917e-01 -2.378889665613890259e-01 7.666368014310729340e-01
1.279213480888726329e+00 -8.678280479978275341e-01 -1.563880464795824654e+00 5.958771557854711937e-02 1.572582476323347356e+00 -1.292482134419968842e+00 -1.503096817416979203e+00 5.490917015580881744e-01 9.435912126440733072e-01 3.016613299256009628e-01
-5.628911821085127443e-01 8.285069890829770412e-01 -8.295763187631741697e-01 -5.434039596373754222e-01 -7.481219317696409243e-01 -8.082918198333898241e-01 -6.178135925731178535e-01 8.213242617046364602e-01 -2.605147769825255644e-01 7.280740620550161246e-01
-2.233866332628285656e-02 -8.290851708870374814e-01 -1.848262478220392913e+00 -1.095142107951698529e+00 1.310860993431459898e+00 -3.635412955589969464e-01 1.230778809332197632e+00 -6.400422234915489339e-01 -1.769361924595580227e-01 1.697574530868699139e+00
-2.601285169257588348e-01 4.927904541251405535e-01 8.154153744816992067e-01 5.262601366924791746e-01 -6.718318696355567443e-01 4.897163812668068883e-01 -7.189393349735381245e-01 6.668377018582323235e-01 6.833908754378366091e-01 -1.677020967889477854e+00
1.098806957325139555e+00 -1.499407371242725551e-01 8.440576238088781658e-02 9.454929259678795939e-01 1.110413952556640327e+00 -3.675960273842003856e-01 2.446811701756342883e-01 4.308560815831661284e-01 1.009213241426128171e-01 1.075199563986831253e+00
-2.582045913200793352e-01 -7.061293399410768501e-01 6.277383533703090324e-01 1.069453201581365004e-01 -7.195274936915484415e-04 2.990450083929357405e-01 -3.780324566576909184e-01 -2.102506738086169058e+00 7.924888068512240258e-01 9.135169652566007548e-01
-1.083031441374317838e+00 -3.795018458657124505e-01 4.512144372135892256e-01 -1.324797656930553069e+00 -1.142970579464358316e+00 1.689454378431920201e-01 -5.977644865869131685e-01 2.306297534085556822e-01 -3.577960633250001354e-01 -3.569389572550189516e-01
4.583773593310275923e-02 2.790662244191800534e-01 -2.285851174866672331e+00 2.397175592486235352e-01 1.624854817989021261e-01 -3.063361577273233660e-01 -2.298649087380211786e-01 -6.220901526245324886e-01 2.872048056154393736e-01 -1.768955728218923051e-01
1.184858226113007618e+00 6.702444720989150784e-02 -2.487551438808097704e-01 -1.993378663818106133e+00 3.058275309381249842e-03 -2.901361409564430227e-01 -9.825208407116545542e-03 -1.190565315781610733e+00 -1.459898892570950624e+00 4.043751338803978634e-01
-1.984930857665500870e-01 6.869866168506671977e-01 1.071840795791696443e+00 -3.551977276150758422e-01 2.040408406308239275e+00 2.107896892954319312e-01 1.074586696666735675e+00 6.753848705431954036e-01 9.256864529449526646e-01 -1.847938904770950463e+00
1.871752450730432629e-02 5.264450086168700471e-01 -4.189886887576397823e-01 6.833315234690766626e-01 -2.698487166456097763e-01 1.909700248295444214e-01 -1.901868338547833270e-01 -9.425340150289585051e-01 9.999003052334691777e-01 -4.603804279251196840e-01
3.239527682111866813e-01 -1.334040472422262980e+00 -1.294980974046744948e-01 -2.463576616864674218e+00 1.408339548422077536e+00 2.716846742828560313e-01 9.471380791053695125e-01 5.537335286118374444e-01 -2.401752187775945679e-01 1.544271864446418174e-01
9.995040363942983008e-01 5.587110602841911522e-01 8.565488570994941320e-01 7.321777153201112220e-01 9.018633707616305895e-01 5.033838281050926344e-01 -1.493615819418868118e-01 1.650257231312551864e+00 -1.050367804944951855e+00 -7.858441240745557277e-01
-7.834570117711585624e-01 1.118816730058921349e+00 3.009190012573163542e-01 2.436091206661664954e-01 -5.611666698439453649e-01 -1.360148230759918198e+00 -5.615844398081601963e-01 3.523984558108687604e-01 -6.988856981025887150e-01 1.319380902832626878e+00
-6.925261330604932652e-01 6.596204812577218801e-01 1.018239655171119529e-01 1.190099350092130193e+00 1.720652718196031383e+00 -2.464027086503744329e-02 -1.682517491467129700e+00 1.321608196143022829e+00 -4.537396295605828911e-01 -2.509563095582978964e-01
-1.521707936567548158e-01 -6.402036161897153299e-01 -4.747347476154124557e-01 -7.077168226382656302e-01 6.127373495586471153e-01 5.568227396809932728e-01 -1.000852207757099599e+00 1.122254050695170813e+00 1.971606029597232530e-03 -9.225652286583158057e-01
-3.637642930623643522e-01 8.790249754171669538e-01 2.062074785561485601e+00 9.539369221815536815e-01 9.906802255327009643e-01 -8.595413979031416019e-02 -4.141204070273184490e-01 -8.211111870532598056e-01 1.373266417787594840e+00 6.789693857531815535e-01
2.331404792790734870e+00 -2.197512630521111787e-01 -8.497454059123126235e-01 4.113602699781072902e-02 4.842473203299043627e-01 7.360398406774558699e-01 5.696057044440262507e-01 -1.514274826286499398e-01 6.774777025109661732e-01 -2.486238967364574337e-01
1.140381808175094103e-01 2.689344495189887607e-01 6.286731180641034200e-01 -6.763023527732300311e-01 -2.368425906881700682e-01 -1.217391588758971022e+00 -1.109035487182521873e+00 -1.804917033501047263e-01 -8.532583350289617563e-01 9.492306626935007596e-01
-6.688053168601097997e-01 1.872204769885924269e-01 -5.379380678304027663e-01 1.387921277548470833e+00 2.134648675535793239e-01 -1.170165465202612332e+00 8.546389090332777716e-01 -1.695284111894497014e+00 -3.257179522378222392e-01 -1.364621133330794267e+00
-7.092684339765394919e-01 3.959871113750995097e-01 3.265197599294798803e+00 -2.101424332944805407e-02 -1.361538481743641782e+00 5.007924294817853728e-01 -8.956325202883065606e-02 1.195469972104258760e+00 -2.654907488914275415e+00 6.487580106255642631e-01
-2.016463532989218876e+00 -1.090344785089716551e+00 -3.665862224311986495e-01 -1.586071005537815548e+00 5.103118385727560824e-01 -1.477862137390645036e-01 -6.931790393410497408e-01 -1.261988320909818606e+00 6.931511479159510047e-01 -2.351088445026984497e-02
-1.665422335655454000e-01 1.293764505014362853e-01 -3.239830746409648743e-01 -1.785054337377009803e+00 -7.135990999254838707e-01 -3.690611385490678020e-01 -1.978950077657585516e-01 3.953110435673778955e-01 1.668774448810970146e+00 -1.852062438661294941e+00
-7.009471062220351545e-01 6.879661412298521128e-01 1.660543557131969883e-01 -7.212139113624603803e-01 3.789813478437147332e-01 -8.782802551349814246e-01 1.931307232957126807e-01 -7.541771323747480278e-03 5.880800336101741355e-01 -1.056341340109770099e+00
1.426791756521491372e+00 -1.630797397498783274e-01 1.831388546904615167e+00 6.034856176918533821e-01 -1.098972499800531910e+00 3.424982865736608817e-01 1.979998806685687451e-01 -1.725104647178825612e-01 1.475587269708027893e+00 1.528531043047827609e+00
-4.140540129810593717e-01 -1.526345469107565966e+00 -2.258056285538391883e+00 8.259377572953195967e-01 -1.338030804102424420e-01 9.870000766884229337e-01 9.186970174324682326e-02 6.178018792463693121e-01 1.379647488106281905e+00 2.818819901723376153e-01
-5.104812351940667403e-01 -5.201929941010114966e-01 9.691554883964299538e-01 3.327344779523149776e-01 1.664079133130954291e-01 6.400972249442747897e-01 1.128981723683007532e+00 -1.553359187307274292e+00 5.938555499392671466e-01 3.871020141037019857e-01
-3.337172566446403033e-01 -2.909653659825557348e-01 3.036133115657421166e-01 1.162666599636166920e+00 -2.833577918777113069e+00 -3.046975487135003546e-01 -9.766728835684453935e-01 -3.094982567725711453e-01 -9.632422587589000162e-01 -8.664430349151217570e-01
3.511949461146585683e-01 3.803886547475973101e-01 9.638630441349874678e-01 -1.265890769531256010e+00 -7.068117609365387466e-01 -8.517558071272269826e-01 -7.133116350851995691e-01 1.079596946395420948e-01 6.868403309010649993e-01 -5.583149953503876439e-01
1.001373692007915928e+00 -1.168917361663878829e+00 2.134942312393062203e-01 1.741644404052771489e-01 1.497157913928241602e+00 1.864497845897340911e+00 6.227872719868795537e-01 -3.079580428694738137e-01 9.508926926562108473e-02 -3.721483507632938892e-01
8.701304151078862459e-01 1.150612346691403554e+00 -1.033883890977122189e+00 2.315883604945724095e+00 -1.366319118885845896e+00 -4.257844092001232816e-01 -1.142842945202580784e+00 1.028991651521597106e+00 -3.327574747064539484e-01 -2.321828653305499479e+00
9.267041972341814038e-01 -6.377719107158553724e-01 1.104305930781675604e+00 -2.708911372603716172e-01 5.238233804299894519e-02 -1.424745340935548166e+00 9.662382671078418861e-01 8.336007748334608447e-01 -6.061048095362506771e-01 1.664651785591616084e+00
-8.158311994619448226e-01 -8.178003036985540541e-01 8.418230887994548883e-01 -8.095943374574985363e-01 -2.735219004727066361e-01 -1.422430016640839012e+00 -2.206699634914535579e+00 -8.535083458529885148e-01 -3.291172191586982376e-01 1.216410924041977815e+00
8.456797999459676474e-01 -5.303527623638994992e-01 -2.131302440890906202e-01 -6.881688119107482295e-04 -7.858906206141670348e-01 6.672392222360233882e-01 -3.243925953492250436e-01 1.392155669446076161e+00 1.836419516347313152e+00 1.257182236200980574e+00
2.058028391161817183e-01 -6.573533582757610239e-01 -3.506683880962068733e-01 -3.806492251989102571e-01 -2.293788548480645006e-01 2.435804661973421936e-01 7.413536905822699641e-01 8.085996449801428898e-02 2.197811606939281681e+00 -1.536811968957378927e+00
1.652139508680659397e+00 7.594775911430340365e-02 3.888528577976943512e-01 9.393610957992225563e-01 1.870996740843931458e-02 6.685104111112987191e-01 9.288689041495243881e-01 -1.452861204360077929e+00 6.443815529933992758e-01 -2.258647687861911724e+00
9.314570730771815077e-02 -2.557874400078680388e+00 8.454815250137116545e-01 -3.153299757983851204e-01 8.484394554696627067e-01 -4.479380599745739211e-01 8.935538896086431260e-01 4.205001171003331373e-01 1.739989988677245414e+00 4.440004500679138322e-01
1.193814123365143143e+00 4.536049881472024037e-01 -4.423861305431086577e-01 1.007352644221624904e-01 1.024246310332972199e+00 2.149294667365675870e+00 -7.969161032179949977e-01 -8.286378771607436633e-01 -5.443449516038262326e-01 1.309479587233085551e+00
-5.667614365325650549e-01 -1.958666739369068432e+00 1.631679680112327002e+00 -1.238061809999788432e+00 1.251597520329874369e+00 9.648264742301709829e-01 -3.254551697987704273e-01 9.187879885086565057e-01 1.133665542692755768e+00 1.865488839390968268e-01
-1.127320464361498242e+00 -1.887290875190414732e-02 -9.573897810623972493e-01 8.275698968773176345e-01 7.586593589946146743e-01 -3.538442868834631994e-02 -9.328293183188601789e-01 1.768971210980679221e+00 7.674850241974061349e-02 -1.638404309485931076e+00
2.116964081766037786e+00 5.882793500883464199e-01 6.794516479606648174e-01 9.853607631536844824e-01 2.043641687850670685e+00 6.834492009510667598e-01 -1.085246813425201129e+00 8.242852702034833001e-01 -1.481510336308246689e+00 1.497904498140330887e+00
-1.867100056305702471e-01 8.968418478448402231e-01 5.636846620754033532e-01 -1.770183688728852456e+00 7.324019068354736817e-01 9.241130260802513652e-01 -8.435258625256560894e-01 2.184559278740231536e-01 1.367265303753465666e+00 -1.280712479831266126e+00
-5.224896246368124775e-01 -8.866785289416052596e-01 -7.107388131882544369e-02 5.865917747628716095e-01 -2.824771319233345679e-01 -1.556927168074446477e-01 2.106271910495254307e+00 5.831407870305099772e-01 1.512990201733651618e+00 1.835484633503707386e+00
-1.513449692412894620e+00 2.121950547344456373e-01 5.789127769335129514e-01 -1.207212944690692957e+00 -5.897233070921156228e-01 1.145039205980222352e+00 -1.696234552631072923e-01 8.170662960083863169e-01 1.224112373294185430e+00 -6.084832087481042429e-01
-5.809898035594640575e-01 -6.210947532157939932e-02 -1.001830495476444316e+00 -1.576330976751249002e+00 -5.114160311257566205e-01 -6.543879129823330087e-01 6.199152663619680315e-01 -2.311204961206216602e-01 2.138901702198912624e-01 1.323741084498762488e+00
-1.466395656737711883e+00 1.212573369131128287e-01 -5.304897914035440198e-01 1.549829538357461622e+00 3.763490711172017000e-02 2.756023276777161968e-01 -7.826798682962285980e-01 1.446322795700583363e-01 1.624493216648671190e+00 -8.480887028895541802e-01
-1.464026960736907856e+00 -7.993851563555850470e-01 7.753334064155282812e-01 -4.051378274082062525e-01 3.044021582398388770e-02 4.363059303194043448e-01 -3.340372222545409664e-01 -2.212596967236048151e+00 3.708106774308592701e-01 -8.267713822543885926e-02
3.254246281067376678e-01 8.696297968268061618e-02 5.513450736159079130e-02 -7.785573404437461098e-02 6.859490772561378513e-01 9.573800819053536193e-01 1.009224939438979840e+00 -3.132420335399966893e-01 1.843403560397269825e+00 -1.291950962815735737e+00
-9.445764604978872103e-02 -3.666640171854238517e-01 -1.606409777674423056e+00 1.674029909076644174e+00 -1.127045059394575999e+00 -4.380583314153138619e-01 -1.006306161420307932e+00 -9.032687421581461762e-02 1.200242419650883186e+00 1.443448379865726272e+00
1.074587128667273461e+00 2.146259658075569732e+00 -1.544897043194129460e-01 7.807795809054699498e-01 -6.792002751623675734e-03 8.199263766710990220e-01 -2.009408009696303232e-01 7.074026114756034600e-01 1.521819883933688056e+00 -3.597795710569758332e-01
1.413273322401912502e+00 4.648723229616623098e-01 1.095243577665262702e+00 7.539527605323348425e-01 -5.974519601046321959e-01 7.791319964503321538e-01 4.063098519417398385e-02 -8.777728837401004292e-01 4.916889785690556347e-01 1.046682282348438964e+00
-3.079344368222163841e-01 3.890553041407550094e-01 -1.030773460173718847e+00 6.919903183228230947e-01 -2.494493772410024540e-02 2.687432332873264662e-01 1.036524729067686890e+00 -1.179450824452502183e-01 -2.551425173152088277e+00 1.505608734787975633e+00
-4.420276339596310167e-01 -1.257994607504234308e+00 5.414097811735310017e-01 -9.146012904164040336e-01 1.051773716476546383e+00 1.272816274892830890e+00 1.663964524254701871e+00 -2.235176211238618649e-01 -1.098498096916218220e-01 -4.527581649537082975e-01
-9.756473151565148161e-01 1.913974512436817488e+00 1.040962097850359092e+00 -1.925353872045171943e+00 1.441462922915259237e-01 1.455927066788152535e+00 1.223539863090248980e+00 7.703665075671536355e-01 -8.181474742668169986e-01 -1.385834069897108778e+00
4.167394516570587237e-01 -6.050373957862344998e-01 1.089540986188100469e+00 -7.697186828011782778e-01 1.826498389173399017e+00 -7.164921427622802375e-01 1.277196219193463822e+00 -1.678079128037803305e-02 -1.251376300576362732e+00 5.335900328923328662e-01
7.057867387428741202e-01 2.129537762346822571e+00 1.060848362978442649e+00 -1.401185917098686673e+00 7.537154874584115483e-01 -1.106713350112071836e+00 -7.589852085598264297e-01 -4.262334224628151480e-01 -1.414885485354385186e-01 3.826385114857214775e-01
-9.184615567876607267e-01 -1.483032247227889788e-01 -9.746910095042249367e-01 -1.030731865897527744e+00 1.631822830882028619e+00 2.856922858567644274e-01 3.256497645085318915e-01 -4.270402026740715562e-01 6.832305045949060851e-01 -3.245232905112157562e-01
-5.738818184746440343e-01 -6.842507652379369310e-01 1.131626374376333954e+00 -1.234336121734339375e+00 -3.843891856227800718e-01 2.390332416717663389e+00 1.332410149024441548e+00 -7.001399876528232591e-01 -1.154702045807381339e+00 5.898562422286464102e-01
1.766324202114625930e+00 1.101723547426156413e+00 -8.192798570851066442e-01 7.412186973973798887e-01 -3.239079622938900171e-01 1.007118646359514758e+00 2.746552697096752912e-02 -6.871187808071718139e-01 -1.277895149323401425e-01 1.912610163509044225e+00
1.853503219158469106e-01 2.651821728582643978e-01 5.112892380065725551e-01 2.429495051993469101e-01 7.492001252123886568e-01 2.812574737356327015e-01 -1.988451376788397118e+00 -2.432331872572106035e-01 6.256313766268311038e-01 -1.241849876474970582e+00
3.442531597661193099e-01 -7.734911395538678347e-01 -6.631636301482097817e-01 -5.141331936663772195e-01 -1.716092411141387108e+00 6.533440917202468223e-03 5.544585820820450150e-01 -6.484260950741768115e-01 5.996219757659203564e-01 7.383861053385892825e-01
-1.971572634261856138e-01 1.307723229192020165e-01 -2.182929319229754306e+00 -2.209092381394203719e-01 6.245068957037760438e-01 -1.002367300620957469e+00 4.313117987602581999e-02 -7.957513483571145019e-02 1.134229292117693078e+00 4.558476053928995908e-01
1.004963917554109409e+00 -3.260937910051446287e-01 6.403783063516331753e-01 -3.268681853779769053e-01 -3.876243569032215008e-01 9.687723078340646499e-01 2.388201213877262141e+00 -4.509010375966523987e-02 -8.748118233672058652e-01 -1.706677145915795890e-01
-8.265837522229446677e-01 -1.985973572689994637e-01 1.344724374564405078e+00 9.415911292342905581e-01 -1.507640282610872573e+00 1.094247785773639459e+00 3.394034429815143694e-01 2.855659537434651618e+00 -9.058287902352856191e-01 -1.436572331116052981e+00
6.783229283123158870e-01 3.967884673433141329e-01 -1.413694177778753724e+00 -8.493979709683618928e-01 1.219863878432170257e-01 1.526300800670532011e-02 3.659690634706758705e-01 -5.758685091553868984e-01 -1.201193476167937702e+00 -1.383278052643965639e+00
-5.940486783220335631e-01 -8.537810404876443604e-01 1.738861714839566641e+00 -2.977268398314397158e-01 -5.785594871398936911e-01 -1.049759435695231335e+00 -7.953843424189391831e-01 -1.790280626963877408e-01 1.338267582451150739e+00 1.133285968658831688e+00
-1.513410759112793769e-01 9.577503432310452425e-03 2.486288491303634274e-01 1.399600133435223714e+00 -1.383080302626182589e-01 1.206553539681474385e+00 1.082287635031345285e+00 -4.733308470746945551e-02 5.552254923008664855e-01 -1.549045480645619977e+00
-1.857362150427464220e+00 -6.046664760310729303e-01 -5.908959933009473309e-01 7.102683679458713373e-01 -1.148742063440198802e+00 -4.318675228559626378e-01 -1.141354014933363858e+00 3.395774111786308697e-02 6.640628564090558239e-01 3.058115366102651667e-01
-3.045630496981619473e-01 1.264210172275557209e+00 1.171648349541710932e+00 -1.278413381679308403e+00 1.197728694880815015e+00 -8.060514125996701695e-01 1.229713077600668031e-01 5.380443620920071224e-01 2.738814513004129148e-01 -1.962738822458501620e+00
1.753429656542952575e+00 -9.201314158589671832e-01 1.395970508448668657e+00 4.466541832374638643e-01 1.113535666553700398e+00 1.325880036522804062e+00 1.878115652354084841e-01 1.155479235151092077e+00 -1.969725973466245339e-01 1.788670938392247445e+00
-4.389752116468080834e-01 -1.063819970726924469e+00 -8.403827288333158840e-01 -2.235014400675312984e+00 1.310514587873891301e+00 1.403575572852796827e-01 3.249563320051139237e-01 3.836003094514562894e-01 -3.629202013471814481e-01 1.053884001803822912e+00
7.211472493623711788e-01 -2.214041450026975055e-01 1.152918661877067930e+00 9.964689930858106059e-02 1.599007030851372635e-01 6.827863544086711922e-01 -4.075704804288622640e-02 9.257892632264782540e-01 -1.291955788803203387e+00 1.075806829063072456e+00
-9.724142216022098051e-01 -6.055315914967466379e-02 9.304964966414338567e-01 1.429771748866372760e-01 7.793788495091384938e-01 1.026197788025766944e-01 3.543983621434806941e-01 -4.175575109285210029e-01 -3.531974741885611779e-01 2.447173457929630314e-01
6.802170421072724071e-01 9.464986755718928224e-01 -2.170676156705636295e+00 -7.452359316981256310e-01 1.300709268110261663e+00 -2.208496876245613194e+00 1.534796573238193851e+00 1.770284874706871348e+00 -1.888816768415823577e-01 -3.153515747244718948e-01
1.070557173526102579e+00 -5.567684238873845670e-01 6.769944755949902637e-01 1.733801475932250646e+00 1.250544898603859423e+00 1.322368806145528763e+00 8.570205178377912070e-01 -8.390620973043202424e-01 -8.614123176567811679e-01 -1.251744922219730771e+00
5.917953244339972940e-01 6.496632517273656093e-01 5.396784176578750536e-01 2.067854075693217886e-01 -2.206070831578475833e+00 2.537072697420502121e-01 1.131605398645682214e+00 6.055136715789791180e-02 -2.871525639657493967e-01 2.416552461701095278e-01
1.067979702360608352e+00 7.001458950941983339e-01 1.801785985865019812e+00 -9.506412699258610655e-01 9.490807832684948764e-01 -5.171679233596334635e-01 7.301548532480948150e-01 1.069598933260510032e+00 3.470271788920257228e-01 1.786095977809207591e+00
-1.253531086097900538e+00 7.834702489122611357e-01 6.819824435558807796e-01 6.527157981317313618e-02 -5.517993124720409898e-02 5.517027795844265947e-01 -2.101640748142460657e-01 6.933394526212399711e-01 -2.249496312417274269e-01 -1.396536228512584410e+00
3.541116624430115656e-02 8.538520044767090589e-01 -1.823663140024496920e+00 -5.868195506836374475e-01 1.180461535534381490e+00 -8.144096303574592799e-01 1.365583989994764158e+00 5.867015254688903170e-01 7.553343613574219351e-01 4.669414526577187474e-01
1.723697967608545323e+00 4.252933607348017842e-01 2.123674007487413196e+00 1.149181408572951701e+00 -1.395780687027394107e+00 -1.860129671106323102e+00 1.041796381510337183e-01 -6.700110623776204255e-01 1.257335041347899196e+00 2.171666018292136291e-01
6.480207974054450482e-01 -5.308185804492451809e-02 8.913109548793468617e-02 8.290236767333380996e-01 1.127713108646519746e+00 9.173827239514543708e-01 -9.118967683585041950e-01 -4.864114777398563516e-02 1.111788991656449843e+00 5.032907225954466601e-02
5.027301664225423961e-02 -1.123413314515834260e+00 -6.403298474399981011e-01 -6.337476177082531636e-01 -9.399177190743045474e-01 -2.654519786446673191e+00 5.847058815791116304e-01 1.136142684903922007e+00 -6.456693899720271634e-01 1.233311718893371767e+00
-1.968418811781299071e+00 -5.323351102029730830e-01 -5.160287047110766467e-01 2.353003431475308549e+00 -2.323425852755311549e+00 -1.633972790835893196e+00 -2.510532714305934165e-01 2.314117856807949292e-01 -4.071686827435535561e-01 -2.145996261537045591e+00
-1.310039426726168577e+00 -6.445230063148346122e-01 -1.819361794450805148e+00 3.094735579376454715e-01 -8.140101933853968186e-01 -4.418927743846950418e-01 4.736170795985820692e-01 -9.625147603420655118e-01 -1.935110653289050520e-01 3.731316621736162076e-01
-7.701570013011600491e-01 6.544729277140600709e-01 2.323637656760901393e+00 -6.921788030797995095e-01 1.036894285590010852e-02 5.616993939840949635e-01 7.510580589187725309e-01 1.065112822661399949e+00 -4.655388755094862496e-01 3.692412915715963528e-01
3.633362622041184410e-03 -4.805579955623253685e-01 8.200143749173546270e-01 1.293844745174533184e+00 -1.164789759656771562e+00 5.055616162308046446e-01 -2.448039321735709928e-01 -1.753558569674964707e+00 1.691513799577111510e-01 -5.458935901535350022e-01
1.629058720406675875e-01 1.844780884309370039e+00 1.504020809249416502e+00 8.347558997743385056e-01 9.812613427130435495e-01 7.137034262929470296e-01 4.900532474350550727e-01 -6.460477966491288138e-01 1.342259399901683636e+00 -7.173342678038978626e-01
1.315476692970622752e+00 7.399818703159533051e-01 1.068550883539546748e+00 -1.494338525157673958e+00 1.770718966292640084e-01 -2.832495236376755821e-01 -2.183069926480384559e+00 1.233554395446044144e-01 4.527777505234544253e-01 -5.266855404514049210e-01
-1.342495082527689787e+00 1.253163785487778181e+00 1.036755042806262406e+00 -3.167581413612752805e-01 9.897167155409544170e-01 2.230012080516004414e+00 -8.461863125921205153e-01 2.372440440303524578e-01 -1.107795718806052987e+00 8.833155838608034438e-01
-2.316755862757371442e+00 -9.526617076057223299e-01 -1.162027689251760920e+00 3.185831712042278552e-01 1.106447595763354830e+00 2.533070616632623562e+00 -1.835218567255541555e-01 5.245626903965281418e-01 1.514917741922650718e+00 -6.085479433786987746e-01
-1.165392288107725216e+00 3.617220535234620393e-01 1.431959715827582080e-01 -1.624649545621848601e+00 -3.604589826332746383e-01 1.303917720341867925e+00 1.624156454088162116e+00 2.560366028498330948e-01 -7.449768568496274446e-01 1.081688558853281412e+00
-3.605343309943709884e-01 1.501263655728392044e+00 -1.602508140355885402e+00 1.525299979616332235e+00 1.700427073121699717e+00 1.468708342621136920e+00 5.902296170609744319e-01 -1.077164600799629612e+00 -2.562872604084308684e-02 1.154040171615306587e+00
2.149873535189848806e+00 -8.712584809467165403e-01 -1.010534153029049476e+00 7.083240470850567239e-02 8.080543214797129836e-02 8.897840344248077182e-02 -4.422771563673045803e-01 4.826181016188293288e-02 -3.037944503295220700e-01 1.234233805724488597e+00
-5.504407767952479436e-02 -2.976986321251108847e-01 1.075353752031561250e+00 -6.780946948341155522e-01 -1.044928758661755719e+00 3.444769687799543179e-01 -1.606573367238414818e+00 -3.181079212528336586e-01 1.164988217762780387e+00 -1.703253244685786649e+00
1.740663366771691090e+00 -1.025155422956390172e+00 4.107496051753308230e-01 2.704685304202220086e-01 8.915021361940179689e-01 -1.426867827072594963e+00 -1.784847123476280273e-01 -2.235601958904973152e+00 2.316696571529349574e-02 2.998372920686777077e-01
1.978975562288175949e+00 -5.455958750521725520e-01 -1.168341673206759079e+00 -3.548535760965660923e-01 -2.786644568106471098e-01 1.346281818757143700e+00 -1.274615889963506055e+00 -5.145125613697444367e-01 -1.052865797955925276e+00 1.743690991252458411e-01
9.032339884480826697e-01 2.535605260571245356e-01 -1.145436418893888419e-01 -3.348227435893872395e-01 -4.393522738382077963e-01 -8.559309958261922258e-02 1.179420951397705641e+00 -3.399977400535871830e-01 -8.083934737333180465e-01 -5.012173647990819658e-01
1.510535614667318782e+00 -4.559273772507318502e-03 -8.455031726431387895e-01 -5.034047571529882692e-01 1.439815628583032803e+00 2.539835762856546442e+00 -4.352458856093343043e-01 1.233857137869054377e+00 8.049034656779520125e-01 6.931091047452009324e-01
9.687259678827677689e-01 4.064614988290018438e-01 -3.115319055480146870e-01 -9.092460832643557422e-01 -1.152137491258904411e+00 3.560858427822317096e-01 6.313761622215013913e-01 7.181603346262440679e-01 9.963061738376537413e-01 6.195618439699638325e-01
1.293471023399691278e-01 3.009127369806943175e-01 1.186948259199845479e+00 -2.602106785240064779e-01 -6.356612360570739195e-01 9.338043602380160513e-01 -8.221131126166079106e-01 1.769616084620991181e+00 8.604709943020227847e-01 1.040544746364285150e-01
-2.960717393161406696e-01 4.958547680959608517e-01 -1.670119092715542708e+00 -9.324666184680788783e-01 9.949932178325906484e-01 7.694959136631888130e-01 7.083714330603022580e-01 2.929917144601446477e+00 1.050627062397038625e+00 -5.466505758759141465e-01
1.690445385988376958e-01 4.221292542243979540e-01 9.831460361573092221e-01 -1.026834977002475169e+00 -4.111613474315053418e-01 -1.326010302455705947e+00 -6.920668175675893652e-01 -5.854274142925963709e-01 2.402465174272201409e+00 -1.005830410257869012e+00
3.782017257203551530e-01 1.227151105998870451e+00 9.359288061132399195e-01 9.360794541413382241e-02 1.358050459549883460e+00 7.060751366954922670e-01 6.817880351762685143e-01 9.036032790063053266e-01 -3.704923302873448510e-01 -2.301157895455239188e-01
-6.042992831265386888e-01 7.309119234342194293e-03 4.033443089439445739e-01 6.555972479909362438e-02 -1.220790473424099520e+00 -8.629484869247501244e-01 -9.544470983730552957e-03 -2.369827091471594649e-01 7.531622611335969664e-02 -1.877809002520205439e-01
1.208692748906734282e+00 1.645212003121202804e-01 -1.258755244051581457e+00 -6.008428436652191174e-01 -8.125667618481964283e-01 4.603184581429640987e-02 1.902558323168546783e+00 1.494956223497766024e+00 -1.845831411227723817e-01 8.116628906103607877e-01
-2.784403841488471976e-01 1.399026888404058200e+00 -1.195455945336606707e+00 1.633865757400924101e+00 -7.071919481921805639e-01 -1.296026870591840074e+00 -6.006339963421936101e-01 3.311643729231988215e-02 1.340571516536507080e+00 -1.503177039491734091e+00
-1.203197779978984583e+00 -6.716990995468028469e-01 -1.312149376389610600e+00 -6.059000259851136105e-01 -3.863609687794378189e-01 -1.481529709996176170e+00 5.687895487751853940e-01 -3.694009046285988140e-01 -6.209402916347576129e-01 3.448940710444082791e-01
-5.547406398579135534e-01 -7.737150334452649325e-01 1.089305682201508141e+00 -3.416714121252727998e-01 -9.909737253495430886e-01 6.296880846519294916e-01 -6.805542511178150900e-01 -1.102951149444504342e+00 -1.146583816700843972e+00 -1.761938985388522116e+00
-2.781759106733096565e-01 1.856059051935149640e+00 -5.019664085410224796e-01 1.600104515221626666e+00 1.716816807113993093e+00 -7.534823880512002692e-01 1.481473210079046421e+00 1.548268260946691566e+00 1.438379718211251435e+00 4.537887715006498346e-01
3.370184132880257866e-01 -3.873114422696924408e-01 -3.230644265996318043e-01 6.715731942529367116e-01 -7.195160448003811160e-01 1.373217853931370191e+00 5.453547330798482751e-01 3.646017118729945328e-02 1.011008114887489651e+00 -1.382148959214775985e+00
-5.686944077743957271e-01 1.439908796429544280e+00 -4.868786500990414101e-01 -1.209818021989277126e+00 3.703896096589460174e-01 4.575880600955687175e-03 1.268954255428024425e+00 -5.858538450417810628e-01 -5.991932982803019891e-01 2.003144147879813985e+00
6.605403186892450096e-01 1.639079779172809004e-01 1.292096230847201710e-01 -1.718105865035064905e+00 -1.182311135118750273e-01 -1.887646717281026010e-01 -1.560708587792265956e+00 -5.446861190564090682e-01 -6.252037353628009386e-01 -3.315135197312032989e-01
7.370951200763951050e-01 2.203328283155139011e-01 -6.843759851165347463e-01 2.072565000170652372e+00 1.165190369365303402e+00 -4.952980055889995570e-01 -1.472729475786331843e-01 1.022874189046372395e+00 -1.021595121527549832e+00 3.368717520928443676e-01
1.300882222480724826e-01 -5.695633941934080680e-01 -1.034271750265836509e+00 1.179163376834347465e+00 -1.556656231523875500e-01 -6.749002522682725491e-01 -3.141015404874089700e+00 -9.550775309988184247e-01 -3.902851623500874223e-01 -4.053598374071931132e-01
2.811574347548685182e+00 -1.037380840187695497e-01 8.027411035236259318e-01 1.270517470279106886e+00 -1.550865305284264417e-01 4.008955651127512620e-01 1.105523287640103769e+00 -9.135281445806123779e-01 1.427015729767314944e+00 -2.121769889039408219e-01
6.039920210339693590e-02 -9.420956037292123053e-01 -7.808415941228856738e-01 -4.818131484882764437e-01 -3.387780097440185045e-01 1.208743759285138442e+00 9.370727364349583643e-01 4.197504864818509818e-01 -7.281497580024574034e-01 1.325915175761007217e-02
-3.822543296124464862e-01 -1.189596025775929933e+00 3.483374044191280827e-01 -2.282608677138157294e+00 4.564263879138353852e-01 -2.395352991230287054e-01 -1.175843813842571972e+00 -1.586777759360064710e+00 -1.489085871403242667e+00 5.153090452135306032e-01
9.585064957048071710e-01 -1.637123504596649015e+00 7.623322547992197329e-01 -9.544342831857378917e-02 8.976695504840195294e-01 -4.933131173519883506e-01 -5.474808392312410232e-01 1.723821776941874884e+00 9.817267386029950860e-01 1.337488700109202178e+00
-1.348379670380555062e+00 5.323068293113977223e-01 -1.073122636639983335e-01 -1.513082128338256727e+00 1.215966161256234468e+00 -3.326934314536256765e-01 -9.862140114849431149e-02 6.889797595717858658e-02 6.014510773364547536e-01 1.508526518397468763e+00
-4.902346083748644334e-01 1.419589782516405663e+00 -5.175767117029645981e-01 1.009829805101824629e+00 -1.994174646568352971e-01 7.445170163889046622e-01 1.941244980245456775e+00 1.615511423171576144e+00 -1.555411311684410824e+00 -6.443481233558248644e-02
-1.104067788540397110e-01 1.533845165376946040e+00 -9.498266458572885984e-01 1.208280767332829297e+00 2.447012380753750826e-01 2.558035694722217701e-01 1.768367070497793625e+00 -9.093401828754938965e-01 -1.768389865734478317e+00 2.685141973238309721e-01
1.740211287972205367e+00 -5.984051102750178597e-01 2.288162534722386177e+00 -7.054300702853160132e-01 -1.280690665969965059e+00 -4.169212922462401938e-01 -9.272805403842204752e-01 9.860974799147967929e-01 6.260149933345510176e-01 1.650979462094727790e+00
-2.753511892885468493e-01 -6.897490181748178184e-01 1.901915008868093615e+00 1.045182574916449170e+00 -5.891000162402655338e-01 -2.277342481731205570e+00 -1.073473512479346859e+00 -2.027112750953166120e+00 -6.107554914620419995e-01 1.588960218767506705e+00
-9.673878333740405511e-01 1.926477815056684972e-01 -6.687041810425130572e-01 1.241067387652748488e+00 1.896764052018392377e+00 1.328895049703691544e+00 2.721490413955090504e-01 3.679258819602513331e-01 1.104520854001577596e-01 -3.694387444489823785e-02
-9.669397456738331176e-01 -9.187617630681742531e-01 -1.199742107051506856e+00 -5.090700759211904680e-01 8.457889999223765914e-03 3.694516823957723350e-02 -2.992119729217016522e-01 3.242035456703612484e-02 1.105505552944744840e+00 -2.751415146100967268e-01
-3.461579600693074354e-01 6.718097653636760924e-01 -3.823810519329782776e-01 2.454388287154250503e-01 1.385644870454193267e+00 5.796667774128192452e-01 -2.717811087139239690e-01 -4.392020104941883329e-01 9.425999686302521940e-01 1.417353589092729571e+00
5.466518528396324683e-01 4.771295584186358574e-01 -1.086068702403969688e+00 -7.968979900285365348e-02 -1.403687473845865563e+00 2.385571035997992029e-01 1.848441459878459314e+00 -1.384115793497817215e+00 -1.893237526704164786e+00 -2.643005869269230423e-01
-1.278398142920434077e+00 -7.420074892990297100e-01 2.133893730227967023e+00 4.026916382146633056e-01 5.419344707812147055e-01 -1.142265544643979780e+00 -4.118168148509016024e-01 -2.738620854885199796e-01 2.402415912163802583e-02 -1.333346757562331730e-01
4.201642157619847606e-02 1.011812324200962232e+00 -8.814417295014129738e-01 1.142562170475001915e-01 -4.193670711975487908e-01 -7.178506154580350795e-01 7.101991574308325061e-01 -4.224609233025206634e-01 -8.020241708341572240e-01 8.477781486499423869e-01
-2.737411846397839743e-01 4.273566467451875295e-03 1.226378812910709826e+00 9.267093725298033435e-01 1.099338631913320263e+00 -1.302168846924399492e+00 -9.198457517095316449e-01 -1.071969923666809210e+00 1.098872560505023133e+00 -7.876198840137237367e-01
-1.168866781901285901e+00 -2.817421509493529541e-01 8.931469583787841060e-01 7.523218703004033170e-01 7.992311655689745553e-01 7.223679430835430182e-01 1.935536078767218296e-02 1.516773037686439896e+00 -8.209527906057105806e-01 -3.420284267431029229e-02
-1.148099332798695027e+00 1.037878373608285498e+00 -6.871373306693753236e-01 2.593322388979578452e+00 -1.577204433488165414e+00 -6.811351709960690171e-01 9.433261059689994621e-01 8.107654542460962510e-01 -2.903752133644249001e-01 -4.384217684633611722e-01
1.006097129883567476e+00 1.198643175401649386e-01 6.104406301354597247e-02 -1.032505027941388320e-01 3.398291181800354721e-01 -8.136910758647020181e-01 -1.306702525200297504e+00 -5.939120041581914533e-01 -2.797443733287354184e-01 -3.290488751805109024e-01
7.988258863056758585e-01 1.262933046208510324e-01 2.151609365587499878e-01 9.890540076445594742e-02 1.928723366531136241e-01 1.083857148270372939e-01 5.921465157270923152e-01 1.918220405522760019e-01 5.450606954127443921e-02 7.247485447169462747e-01
-1.787234311833776346e+00 -5.351786285199645610e-01 1.731175154468602984e-01 -1.007166732996997549e+00 -2.033210723854003366e+00 5.920850573256751792e-01 -6.928193189924891637e-01 3.632341448001371043e-01 1.251032478197265263e+00 -2.392884564193424601e-01
3.744301177430621186e-01 -9.857069648851323196e-01 1.951918230202834836e+00 -4.491499892988389808e-01 -9.456027789232461789e-01 4.167551417466528463e-01 -3.592798478255552763e-01 -1.617361011765866108e+00 1.513741159844433470e+00 8.292108526510159547e-03
-1.167778830857340688e+00 -3.324666583075481796e-01 -7.418201657974999863e-01 -1.172117437393098482e+00 -1.548454341639975140e-01 7.048688845792245861e-01 -1.702163578415655021e+00 1.655350350692726069e+00 9.420325854010022648e-02 -9.879349614008499092e-01
-1.193132911004364249e+00 -2.651381330774522649e-01 2.404429802252302739e+00 5.725963511320576460e-01 -6.711419247281943390e-01 -7.641562631867490629e-02 -1.540336062188131905e+00 -7.366949387941508220e-01 -2.321709711971819967e-01 8.368210915571848707e-01
-3.138252489117123734e-01 1.109339265828590548e+00 8.696239824559408582e-01 -1.012342281852037784e+00 -1.231495563128497395e+00 -9.544032124228850333e-02 1.280054955198868250e+00 1.983831905558158804e+00 -1.743871331408505920e+00 3.880138450450460463e-01
1.687758596865513328e+00 -4.293690632647523264e-01 -1.670555790994832757e+00 -3.736100326590331006e-02 1.395358986713753024e+00 1.354234379658265652e-01 1.429907885893196617e+00 5.382566037080710464e-01 -7.162980450793533516e-01 -2.984898949742441632e-01
-1.393265819593146049e-01 3.321025738835181856e-03 5.181188069449522704e-01 -1.279855521875072344e-01 1.383892120161362760e+00 8.522683115822742017e-02 -4.954162855689742129e-01 2.792369207424446387e+00 2.235719577545081549e+00 2.364964324647621241e-01
9.028427104981942009e-01 -8.944672652768381749e-01 2.066915440036221518e+00 1.544743787003227120e-01 -1.140039108448667043e-01 -5.087073075134861400e-01 4.107646088555517716e-01 8.172685339938760007e-01 2.325614648001158580e-01 -1.654057561817265931e+00
-8.373915455912387396e-01 1.496815417358357270e-01 -1.125040518326752670e+00 -1.658525480583946665e+00 -3.823251973771393253e-01 -5.171898310713913816e-01 -5.932777914342993730e-01 5.172115637362437734e-01 3.975465688645558604e-01 -2.061680154076327653e+00
6.639446066210596964e-01 -1.473808454997483253e+00 -8.689236680504462962e-01 1.985109078165784524e+00 1.457798380809293554e-02 -1.403169979108150001e+00 -7.641101531547295211e-01 1.609421221206170927e+00 -3.761387324716974900e-01 -7.247984078647513595e-01
-1.140334127579150092e+00 -6.343912100189399439e-01 9.214325019849075593e-01 -1.439110949316481314e+00 9.128061275649879125e-02 1.153682603707658849e+00 -4.435847886747701918e-01 -5.828901222057470966e-01 8.965834413297348870e-01 7.129627744672185630e-01
-3.452723383387470979e-01 5.343582212074292626e-01 -4.971015551518874753e-01 -1.923620773335288081e-01 2.962809112892887398e-01 8.993878440580225231e-01 -4.097406474640383212e-01 -8.272367647549413450e-01 -1.884495252443457280e+00 1.027770431503653326e+00
-5.561324999924369683e-01 -1.033545470013712997e+00 2.962302496712660438e-01 2.523698646304327053e-01 1.244588609503728627e+00 -1.953856359953211497e+00 5.512381500460463712e-01 9.067563018315355494e-02 4.447146167083645407e-01 1.283499635466048561e-01
-8.363623217146095579e-01 -6.589458551361176974e-01 1.848665488944218671e+00 2.251047433935585484e+00 -1.730722156212958496e-01 -6.331146447276747580e-01 -9.064409134263952117e-01 -1.567442112989983372e+00 -1.961362196814296355e-01 9.577866218740951898e-02
-1.477895006111636378e-01 1.727023833688477561e+00 -6.073567602085953032e-01 -6.754183218388455368e-01 7.643718327975751459e-01 -9.999252705923449003e-02 -1.352417837666149092e+00 -4.275585371989180095e-01 -1.286839927549948970e-01 6.579099254500301308e-01
4.721980142019837623e-01 1.707103775760437925e-01 -4.296382173838106944e-01 -1.406698480383022476e+00 1.055069099246827014e+00 -4.401075969596204285e-01 -9.596600478829367953e-01 -1.084910407124594744e+00 -2.561253481328371051e-01 9.981909447271007929e-01
-7.864187071795207817e-01 5.885737545905275203e-01 -7.041090130988286733e-02 7.654490618100572019e-02 -6.172174742643047329e-01 -3.383538653164570031e-01 6.793292749546424314e-02 1.021802605031007616e+00 2.250227098300451867e-01 1.219532774173428091e+00
-1.188848537391823168e+00 -1.397000539773413319e+00 1.193953202686208082e+00 -2.650023632955173625e+00 7.908936751111361740e-01 4.313172469908579387e-01 -9.588095748192382306e-01 1.246563742614078096e+00 -4.051785839898893737e-01 -3.683453715485943136e-02
-1.108855695475690906e-01 1.876730692157414504e+00 5.706093172848909489e-01 -2.024027072298315133e+00 -8.160193148551216913e-01 -4.811939930386480713e-01 -4.325018141130811400e-01 -2.955091336775871325e-01 -7.028674485827004492e-01 1.612122984113041890e-01
-3.684643774845605679e-01 6.051493208995194495e-01 -1.497024713084737169e+00 -8.093861497606573419e-02 -5.392499843606497478e-01 3.248369569590025541e-01 -1.287701443867763362e-01 2.157097686460626829e+00 2.112105563994254531e+00 1.082877609296598820e+00
-5.532103131505049509e-01 -2.046896878367313821e+00 4.481729722666751847e-01 -1.904012130127283431e+00 9.786605886376453789e-01 -3.119272040928520173e-01 -1.311846422040207516e+00 5.863373925807863207e-01 2.918037508785324349e-02 -1.764722864676454561e-01
-1.416563249424472648e+00 1.581110826914069900e+00 1.118513941202131212e+00 -1.314020796491832122e-01 -1.812554176423742114e-01 4.134552489448575230e-01 -8.961699156372587849e-01 -3.713963971832012767e-02 -1.121299403267221662e+00 -6.775325594698089482e-01
-3.676499590912566950e-01 1.278714247143394989e+00 2.064691898164682016e+00 -2.363226561980095453e-01 5.459868943232164540e-01 6.634109979055232698e-01 1.405105162476171676e+00 5.405237588801132809e-01 4.105700071363278525e-01 -8.919586369853655938e-01
1.377379680577476007e-01 -8.536392630292469752e-01 -3.076692242774424768e-01 4.807669969221288198e-01 -1.386527615299559146e+00 2.760288674717323865e-01 4.328822099649859978e-01 1.446814808609695469e-01 -1.018506063865785016e+00 1.267286011528711231e+00
-8.323210930448451395e-01 -3.113753959514065084e-01 -8.681822018625561244e-01 1.726139900265302618e+00 1.538835824106824512e+00 1.270928779520435592e+00 -5.736635077166652996e-01 -1.588527018889976272e+00 7.522511987047983961e-01 -1.654373410671685862e+00
4.961330580443059080e-01 -1.438699128108125169e+00 6.439418714480434902e-01 -1.741153516791412725e+00 1.274189265370776203e-01 4.249753558930853825e-01 3.712392940387222451e-01 -6.201589073618962722e-01 -3.554689633490386580e-01 -9.407782253852133847e-01
-4.069391206808524175e-01 -7.141097445962834023e-01 8.745489366779342078e-01 -3.167569688620133217e-01 -1.000329741315316989e-01 2.083277535467163155e-01 1.058183648996095849e+00 2.764422725748005849e-01 1.207468827744402784e+00 5.422466557834209055e-01
-7.418827252151025675e-01 1.098984165442397520e+00 -1.330414794790659938e+00 -1.224461348784836368e+00 -8.639780163514564348e-01 5.162195147353069169e-01 -1.187899664723271118e-02 -4.863382347573186326e-01 1.666231014454840897e+00 1.642594628138868806e+00
-8.577499716602080548e-01 1.292102682654986123e-01 -2.100275886822255522e+00 1.088135616670496519e+00 -1.276175315263136933e-01 2.198957424064935662e+00 -2.317735944117460811e-01 1.683689973808087048e+00 7.211270919684128478e-01 4.726853294229217961e-01
2.127125545115824135e-01 -3.563116813408088168e-01 1.401296801366608280e+00 4.613159018311397963e-01 3.928449418151464534e-01 6.024104583897009757e-01 5.630958555831950818e-01 -1.243802095455550427e+00 3.123090703415402070e-01 -3.280655849648567157e-01
1.272471928026749632e-01 -2.110720694318967694e-01 -6.593537663043451680e-01 -1.390713325850252702e-01 -4.286742025440358761e-01 -7.916459552518358145e-02 -7.303242054742458134e-01 -1.116149729251915579e+00 1.323984188000397078e+00 -1.817884074641816783e-01
-5.420875715334479983e-01 -7.201473212753813913e-01 1.762947373382908633e+00 -2.921060202132977346e-01 -3.225750425587290554e-02 -1.078733147965653671e+00 7.928526408536530345e-01 6.262996702956694639e-01 -5.079796231034161558e-01 8.933872268047995391e-01
6.858914864205102324e-01 -4.309363974746073800e-01 1.018079080373339496e+00 4.510847140214876982e-01 1.858524506330291315e-01 -1.298070129748328527e-01 1.325603246387592193e+00 -2.613707233791090490e-01 -8.310445790362156471e-01 -1.345325266113235052e-01
3.635735042467259058e-03 4.205833444348263672e-01 -2.554423890204282621e-01 9.346877078613955447e-01 -2.318348351569095300e-01 1.712944426422750244e+00 1.408223854329774927e+00 -1.371174516089432416e+00 4.158768940407991943e-01 1.031572227722608259e+00
-5.039217168997208729e-01 -1.700721365061287571e+00 -1.610319838948588433e+00 1.980854223301128370e+00 2.164117038570572582e+00 1.745091063885473970e+00 -7.026386984509734868e-01 -1.313220107939750747e+00 9.862288102421284952e-01 -5.356508240581665525e-01
8.120556694054210656e-01 -7.333641811089741669e-01 3.052907231934149923e-01 1.100168150499874153e+00 -1.867150092100449577e+00 -1.135303563259898590e-01 -5.587234677418222439e-01 2.480452774848769873e-02 1.311426603510975397e+00 -1.822164289616139479e-02
1.286036506544257496e-01 7.399667213801676136e-01 9.558484994144264002e-01 -2.839512702729858895e-01 -3.716422269664740319e-01 -5.301361676175754267e-01 -8.790040587499441394e-01 6.816801560896992296e-01 -2.022287052372068850e+00 5.998228150385935820e-01
-1.054515644807290098e+00 -6.733228448608272743e-01 -1.111366924543432999e+00 2.006795510656206039e-01 4.346270235013193761e-01 -1.292801004972161882e+00 -2.271620500634391471e-02 -9.778007967197783756e-01 -9.789394993600036843e-01 2.665623694999360582e-01
-8.953424312963037535e-01 2.137672047287627830e+00 9.843218159927507038e-01 8.733765560011224061e-01 2.385201297260181874e-01 -1.407986036926618147e-02 1.080411270186999229e+00 5.447000516196364162e-01 9.306156166756098802e-01 8.665037231731984591e-01
1.212921944263804841e+00 -3.472138791951555059e-01 -7.079007558560768132e-01 -1.032972926313496659e-01 6.545227166387787010e-01 9.207078849826725309e-01 -1.273816094118799480e+00 -1.412144375123817186e-01 -1.910126333159289480e+00 8.000828309732462840e-01
-1.239609506637201486e+00 5.416187408460646502e-01 5.667522455624467853e-02 -1.127080060304982867e+00 1.125953874493539619e-01 -1.019269637182151689e+00 -1.521625947153333325e+00 -1.402602414767448735e+00 -1.860521636609561713e-01 -1.260484277811044773e+00
-1.061641409285279947e+00 -1.554040252335914696e+00 -2.322782514108009122e-01 1.771158011793172449e+00 -1.869839057320713330e-02 1.039483062199093366e+00 -1.293233429150627112e+00 1.501730603976783041e+00 8.893936842474302606e-01 -1.409015636255269710e-01
9.516867492670751938e-01 -2.072807708274778005e+00 4.580811698668038612e-01 6.108945598299261315e-01 1.513130516558890415e-01 -1.105716146480574258e-01 -1.034770121046501234e+00 1.142563996191679199e-01 -1.638896281181068462e-02 5.963633988948473519e-01
-4.967063112841820782e-01 9.991403531016166406e-01 1.787736137458689090e+00 6.973210355240008207e-01 -4.534063540421758021e-02 -9.932077354389240442e-02 -3.964249604570166952e-01 1.012398961157479294e+00 9.306537316422005546e-01 -4.554750992986839053e-01
5.230296776030779471e-01 -1.155375485901103172e+00 5.756417782127077887e-01 9.209042873858893641e-01 6.610170335139048392e-01 4.698814107411919405e-01 2.516867508091864547e-01 -1.395412575873509420e+00 4.412393646616918352e-01 -1.333050484943289760e-01
-6.519951339041062388e-01 -7.018259318081934151e-01 -1.020635351552172665e+00 -4.717176687930764167e-01 9.015435074915060243e-01 -9.726204510880455123e-01 -1.307903028179398519e-01 -1.534512534252620686e+00 -1.694506269432575651e+00 8.926871665510404119e-01
-9.421380364445712807e-01 -2.468528983461547810e+00 8.369620555209731361e-01 -1.268145588907856780e+00 8.026730474854646413e-01 2.305668303404865060e+00 7.794890202362116938e-01 1.163763896880313453e+00 -1.566757485930911464e+00 -2.480289957977779736e+00
1.539643345124081630e+00 -7.571646664968044727e-01 1.394511680160596567e+00 3.535122068487373537e-01 8.575819422242891843e-01 -4.801949921351002515e-01 4.393898593686180742e-01 1.740831061337811292e+00 2.656137092540266309e+00 -5.260488361098939469e-01
-1.802814056578035284e+00 2.116671939612010667e-01 -6.069485796583384829e-01 2.118901366448437962e-01 3.175211079168605011e-01 7.405968326689124082e-01 -9.077502898881742444e-02 -4.026702743153845465e-01 -7.271092781239148206e-02 -3.853734542227531257e-02
-1.381542578199605575e+00 -9.596837466659539906e-02 6.420479680270459177e-02 1.594616617047456553e-01 5.438763909740608193e-01 3.525561322192412306e-02 2.950832351514498519e-01 8.990463397337674634e-01 -1.376925523244772798e+00 1.804185496481787165e+00
-4.624527302936175532e-01 -2.365870639343611304e-01 3.005185439754836096e-01 -1.990100136389185925e+00 8.159380147784429660e-01 -5.255961501638947153e-01 1.639759059964348842e-01 1.640487907755722619e+00 1.316607558945334100e+00 -1.655518789715237027e+00
-3.847966386442204789e-01 5.679960007200300920e-01 -6.122609048895767403e-01 -5.584597419893079506e-02 2.492118020144747093e-01 -2.049985094495234694e-01 6.846839202894632326e-01 2.071955517970856420e+00 1.350604021465745319e+00 -6.863000596550448140e-01
-1.653986803188925547e+00 7.564147090299887521e-01 -3.802423018202276683e-01 -4.570260791310691295e-01 -1.170151220292522831e+00 -1.212195682070353664e+00 1.562317336752238606e-01 -3.004903280329109250e-01 -7.015629746914202325e-02 -2.832047221812722046e-02
-2.175328514300040039e-01 -7.914481331881139115e-01 -1.048912275015499773e+00 -1.055197786461095744e+00 -2.183218973086371306e-01 -2.444672644637899406e-01 2.923429132344769199e-01 -1.357209779904445801e+00 2.191191778957551073e-01 -1.100681492718652787e+00
-2.375020513702668506e-02 3.005757096459055755e-01 1.600994266359590190e+00 -1.798038970126702996e-01 1.331899220848189666e-02 1.242195394266386810e+00 6.702591562143878079e-01 -9.549598714018345813e-01 -8.908126967504176319e-01 6.757702373205247692e-01
1.245571769000335172e+00 -7.284242299207462912e-01 -1.517263690118572095e+00 1.612842145168340569e+00 -1.637618285753641434e-01 2.026931165539614110e-01 -2.699050013749599852e-01 6.797697418740819009e-01 1.746118353582382099e+00 -6.828839156305875902e-01
-1.819343749961136458e+00 2.180598122462978350e-01 5.194340491921045633e-01 2.607881231667548150e-01 6.835133771353738563e-01 -1.778309858119203168e+00 -6.471588802039154320e-01 1.570409519420682548e-02 -3.222113461351828967e+00 -8.046304561188006854e-01
1.815358040624857061e+00 -8.016138567939071757e-01 8.449671640671090334e-01 -9.485680410126517970e-02 -8.628142179049731464e-01 -4.528745617755281505e-01 -2.003279243230149831e+00 -3.230801807777547441e-01 6.713218823632696175e-01 -3.558862396102023262e-01
-3.306388980326162019e-01 1.510047104484711689e+00 5.830725388871189629e-01 -1.107550154854104019e+00 -1.117703222711937450e+00 7.943163524474852188e-01 3.955886989517241603e-01 -2.072494723496972835e+00 -7.319116713816086195e-01 7.624376866281027398e-01
-4.292173263530093541e-01 -1.110580402195343153e+00 -7.835828136667004618e-01 1.420183078985124414e+00 1.780118763096558698e-01 2.003603817057222347e-01 -2.176103223283252230e+00 -2.275536044567215921e+00 8.081474712831080431e-01 3.086204876437347311e-01
1.038645842263963948e+00 -1.039783535065351483e+00 -3.716102743175649925e-01 1.235858037604873338e+00 5.912841252181966906e-02 -1.768220842044182783e-01 1.704551845017972855e+00 6.739411893020537392e-02 3.320556650018147149e-02 7.935725385625090889e-01
6.890010277353237900e-01 1.712815139022787703e+00 -1.632607796385474042e-01 -2.352791591280880071e-02 4.552436097193336417e-01 1.064947223804354026e+00 1.102493978386548834e+00 -1.442972618632696769e+00 6.135597268231717250e-01 1.177832033930008349e+00
2.484821713775664076e+00 4.221667859570823467e-01 -3.930669139412483748e-01 4.371164481673004976e-01 -9.210514514343715042e-01 2.613419536925399439e-02 1.647062303816792528e-01 -7.613557388873885001e-01 -1.860787994713901938e-01 -5.314364717559958429e-01
1.528242370732374455e+00 -8.016082718146003497e-03 1.307613690405123597e-01 -6.949976111883877650e-01 4.271899960808284158e-01 -3.327064775527441287e-01 -5.637973337684021313e-01 9.667976008900069917e-01 -1.475163968967911243e+00 -1.401595234619057440e+00
-1.691069272767260490e+00 -5.582438493202201979e-01 1.190591508263552978e+00 1.580604379249269442e+00 -1.335499198074030502e-01 -2.133857209864373772e+00 -8.471970612643000553e-01 4.308376755490631593e-01 6.282024630726547043e-01 2.527708973720390162e+00
1.145147313719206528e+00 -8.750871787509066912e-01 4.085107898897004652e-01 -5.186446025972448748e-01 3.186283499525406349e-01 1.342132922610924095e-01 5.398798831783427898e-01 1.352927606759410928e+00 1.912120911674663748e-01 -1.125370327184082475e+00
-5.580071004013337221e-01 6.421114694888760965e-01 3.609746448689869491e-01 5.852161094589284351e-01 5.759581510650169101e-01 2.578281521001097421e+00 -1.042373251241561993e+00 -1.561207652049703409e-01 -3.241742772869538602e-01 1.380562413931688992e+00
1.004741069612383964e+00 1.206114479583858756e+00 -1.087707831251368135e-01 7.921273140943644320e-01 1.317398993891433889e+00 6.620947784234937350e-01 -1.539901785085566743e+00 -1.790270109813554944e+00 -1.785694745025020180e-01 -8.189662467848886074e-01
-2.420512040571712598e-01 -4.021262827039230880e-01 1.339348170481950793e-03 3.451120628192410611e-01 1.073899676924261692e+00 4.526571762317595504e-01 -1.705367837049754920e+00 -1.837871287261289566e-01 7.039818034990970030e-01 5.916042935619656440e-01
7.572987348555736409e-01 6.266752066992506975e-01 -4.139451472658416953e-01 -1.424752736848288182e+00 2.657805483761268017e-01 1.482534145677054660e+00 7.743352504109152212e-01 8.789433568690313558e-01 4.059730576458071560e-01 1.195664399907142572e+00
8.365557000993031345e-01 -2.890020614217376216e-01 4.562459934694904073e-01 -4.101192493454172139e-01 1.094621040689818692e+00 2.537514062173716223e+00 1.261691610013174092e+00 -1.995028594372446173e+00 4.477420593152764972e-01 7.778913062268034695e-01
-1.138400368241027305e+00 -4.203239972324763762e-01 -6.426237419916851490e-01 -3.167804480623646057e-01 2.141676251564209377e+00 2.437289197179300371e-01 -2.564330163337398272e+00 -1.415422892430406643e+00 1.576517317848876498e+00 -4.628901202701224404e-02
1.429827705115599201e+00 -9.112702411827864335e-01 -8.285638511278382579e-01 1.785516770854901902e-01 1.747738542417252905e+00 -4.651024647167256165e-01 -1.140788285100321930e+00 3.605687799273737393e-01 9.125565273124154331e-01 -9.323569324168171635e-01
6.885630465081575835e-01 -5.066185990129388195e-01 4.096212443695967931e-01 1.446248476702425290e+00 -3.194209469684436975e-01 -8.236043876815127285e-02 2.790229735131898314e-01 -1.373678554173662913e+00 -1.065753469224463235e+00 6.654488142092647163e-01
1.547416996073917861e-01 -4.503559708626663216e-01 -4.191251198849431092e-01 -2.459695511197180107e+00 -2.557295859758406675e-01 5.243130706451121920e-02 4.347720754492780115e-02 -9.244320025720388356e-01 9.974942299087246056e-01 4.408645379216547151e-03
-1.650624110657571142e-01 2.748464733906450519e-01 4.342676773605226304e-01 -3.840605278252771926e-02 -1.712954732558947368e+00 -4.619178786086307054e-01 1.702577019790573853e+00 1.045635980575989471e-01 1.180426859749819979e+00 9.816733866909080342e-02
1.056269677339384039e+00 1.040843299651554199e+00 -1.045534274781651618e+00 6.256960499887579408e-01 -4.822182361586780375e-01 -6.052006663222667809e-02 2.786687396058794008e-01 5.988003312542986567e-01 9.250941694964224249e-01 4.129967315940682449e-01
-8.833878198784794744e-01 -8.631009178059674269e-01 -1.870819292496430919e-01 -8.187255913062339019e-01 1.207502962002683145e+00 3.449046175413176263e-01 4.302270166560354658e-01 2.576979750881319697e-01 -8.015377846586287935e-01 8.484449415243390247e-01
-5.814028759433984561e-01 1.769152978832074230e-01 -8.069421762388406805e-01 4.159646119347186199e-01 -9.583153950296809942e-01 -2.527434134499777496e-01 2.495538796535584081e-01 -1.671696682353406571e-01 4.071710465871432594e-01 -1.302519880831946031e+00
9.874367321957432386e-01 1.341789586645164567e-01 -1.424025690725325977e-01 8.749790790995708445e-01 2.038896045592093476e+00 6.618180076304422954e-01 -1.941277121151688601e+00 6.014338743156093514e-01 -1.268781453083748900e+00 1.269813972984834560e-01
-1.390641404677304571e+00 -2.049944081897137504e+00 1.107898783554168043e+00 -1.482247225432293813e+00 -7.238565407540806795e-01 -5.234153301598047925e-01 1.048267240636452602e+00 5.606032306490711381e-01 1.139338884098775040e+00 -5.154494968886427220e-01
1.407917347772567274e+00 9.276714217658691419e-01 1.271873078488525044e+00 -2.722103764879177934e-01 8.568724325545883369e-01 3.645073717216006370e-01 -4.901579905268954040e-01 -3.577849346803304020e-01 7.237021264566432244e-01 8.078353904144455200e-01
-6.018656705766886050e-01 2.638270199510519998e+00 -2.749867837356556044e-01 -7.545588315703584126e-01 -2.519419656303022448e-01 9.525307173150386886e-01 9.369632302477204355e-01 3.047998149828282655e-01 -1.870809936444917942e-01 2.019960238452371382e+00
4.382139339675760747e-01 2.831319765302962588e-01 -8.699002483882134484e-01 7.175850031626201941e-01 -8.641166689837964654e-02 1.177229812550829369e+00 -1.325091799296573614e+00 -1.081858672639274405e-01 1.256508785852076704e+00 -1.150693646348627697e+00
2.681786160128893481e+00 -7.750623076786845589e-01 -7.010312030261641736e-01 9.635307424258003905e-01 -1.799878130366974638e+00 -1.885244436489517561e+00 -1.645704068215863014e+00 -1.199436422373056088e-01 -6.554756872576863458e-01 1.592876467550010888e+00
5.716183334414146611e-01 -8.304412354763817117e-01 -4.750084040091401838e-01 -1.525433290708923806e-01 2.455299368644050517e-01 7.617048973365451170e-01 -1.726360405568022616e-01 4.592740947489095671e-01 6.361707408071249903e-01 -2.513021496511215133e-02
1.316180906979693033e+00 3.530067496383555992e-01 -1.683500359847194039e+00 -1.315833834773827649e+00 -1.993219313251502367e+00 1.236595095390254251e+00 1.668005771254539082e+00 -1.827094182627926333e+00 6.326012737466254476e-01 3.850891667908660186e-03
-1.023039622782401903e+00 -6.713434921845917724e-01 -2.497784960246002550e-01 1.549590957580264661e+00 -3.357947818121135297e-01 -1.299771327792084152e+00 3.652744722092624019e-01 -1.046981174101875078e+00 3.638646561169757432e-02 -2.473639950566957957e+00
4.393147937243420675e-01 7.523328821124368737e-01 5.370509060321952965e-01 7.728382782617041480e-01 2.506252739182346922e-01 -8.543178158910662567e-01 1.097177059349611961e+00 -9.610780527082855018e-01 1.569828360907543408e+00 -1.819205839283646320e+00
-1.676637332742341169e-01 -9.330225894442751855e-01 2.349077803181491841e-01 1.890625924048979334e+00 3.690084950284849286e-01 1.158651508240869099e-01 2.684450899689925230e-01 3.067264627092318729e-01 -4.284423475993103247e-01 -2.117170081628144462e+00
2.044268734412834743e+00 -7.561349290251772048e-01 2.082137472048415094e-01 3.652400960171658939e-02 5.266332375624906970e-01 -1.192954410611403865e-01 1.209321405027689866e-01 3.903641941059815546e-01 -6.063664344715141707e-01 8.280591481872665582e-01
8.282729133220995132e-01 1.397312272292663193e+00 -4.011438522062721335e-01 2.097321402107559657e-02 2.870884104009466253e-01 -3.989140683450929648e-01 -3.839630626667471791e-01 -1.137420299778073129e+00 9.283444763006911682e-01 -1.091599257097925602e+00
6.293836262396087511e-01 8.760884657813161613e-01 9.239904571843611247e-01 1.953267975360005071e+00 2.587382918988978986e+00 1.218437513658434890e+00 4.307154267551394078e-01 -4.932352520461094625e-01 4.064404981823021012e-01 6.468292540552859071e-01
-1.112674752285460755e+00 -7.166629408818266933e-01 2.532097852795131554e-02 -1.026479770349622012e+00 -4.686658632482380016e-01 9.106791516451852031e-01 -6.141832020338173770e-01 -7.477299128496136538e-01 -1.440441864371402092e+00 1.072853317379778071e+00
-8.302692792730730353e-01 7.627626194713751917e-02 -1.690771901276226230e-01 -1.432889698508139908e-01 -3.779995937545202467e-02 -1.889205058944203319e+00 -6.685347574080440225e-01 1.416616220004224824e-01 1.513536340562960270e+00 -4.828063264678438271e-01
3.192712961474146738e-01 3.384255915860964747e-01 -7.341738005466191819e-01 3.789638372709954739e-01 1.176582205276285542e+00 -7.964278025400881589e-01 7.326408270340701856e-01 7.757219832405806148e-01 3.643273772160994795e-01 1.645084577820288274e-01
-1.509069694179512311e+00 -4.187494155635811954e-01 -7.806163350198401796e-01 -1.170881703222727444e+00 3.621996182428961764e-02 -4.958315041776485965e-01 -1.313895030797827268e-01 -7.051808773852598078e-01 -1.307815885509680420e+00 6.666529262288383162e-01
6.540931952386059844e-01 1.011906926437230680e+00 9.461670821886011273e-01 7.853811112519057946e-01 -2.113586588429710478e+00 3.944711443226207037e-01 -4.717880716219882697e-01 9.301124585183191407e-01 -1.216841469424776445e+00 -4.831087629528908467e-01
1.961356278737482084e+00 -2.858475518545804395e-01 1.803535747830780966e+00 4.539599865243484911e-01 -2.341606844084776207e-01 -1.047457307939766658e+00 5.825516005776880668e-01 -1.410837743821877488e-01 -1.973193733702321762e+00 -6.862088752747814713e-01
-3.346462276023633997e-01 2.293370526194813408e+00 -5.874539717072319034e-02 -2.177048254259420723e+00 -1.275104631421951629e-01 1.401786024130744490e+00 -9.328306142972871140e-03 -1.124986455520217143e+00 -1.786614712089601431e-01 -3.986006612486218126e-01
-5.519721701085649190e-01 -2.536492601527631438e-02 -5.795629607942409667e-01 -1.322599994155310155e-01 4.856366113481588309e-01 -5.716918613425828744e-01 -9.880102212252029892e-01 3.519607777767119194e-01 -1.018131585709673548e+00 -1.800292226660572759e+00
-9.556741597773336927e-02 -8.797203914772944167e-01 1.375457230725272463e-02 -1.432896426040373594e+00 5.084124725405617662e-01 4.712893857848753920e-01 -2.278949853195988418e+00 3.520649317583794957e-01 -7.717244275645661622e-01 -1.527685355137407441e+00
-2.869154595827840826e-01 -5.904632277163258669e-01 3.789598387198543361e-01 -1.008281727609281475e+00 -1.501168432307679934e+00 -1.449805362628800998e+00 1.044681560707673373e+00 9.963092970544198401e-01 1.037841815495460507e+00 4.652935306680046623e-01
3.903935308901505530e-01 1.648953815081647623e+00 -1.377705900186430243e+00 -5.550178355808761399e-01 1.334486048638773292e+00 -4.959491786310854522e-02 1.646662125285986766e+00 1.539394422797037310e+00 1.286078775980546096e+00 3.014035379997535014e-01
2.354805277685359854e+00 -6.490085772044067447e-01 3.413021339248945019e-01 -5.382232064099652380e-01 1.625671493804991430e+00 -3.897765836147262797e-01 6.437749657476693477e-01 3.678542947043246247e-01 1.821183803213193286e+00 2.586421482671974470e-01
-4.780211156261615635e-01 1.609539501898691549e+00 4.312892895127308779e-01 4.921354031551790631e-01 -1.712359271435489383e+00 -3.940677381404504853e-01 1.491483074990714197e+00 -5.442920589699986600e-01 -4.003395924411030649e-01 3.530283842126492599e-01
4.474565000628724643e-01 -2.499341697182599908e+00 4.186891416059076998e-01 -1.221103706709940617e+00 3.585965144112752134e-01 8.667133243313569491e-01 -6.993578784128804404e-01 4.768952309163460024e-01 -1.569606140075094247e+00 1.089446627183116467e+00
-1.158188663006605612e+00 -6.320342934609698426e-01 2.457798976496828602e-01 1.326262601499339722e+00 1.525258303485102385e+00 3.518195174624593746e-01 -2.696906333242398701e-01 1.524153334982538244e+00 3.967618821141459251e-01 -8.765759556951566722e-01
5.875820981256877351e-01 -1.418297070581659547e+00 -1.796524517439680890e+00 -5.662202241025295762e-02 1.236234802152819112e+00 5.695813970170521268e-01 2.376408141762096637e-01 -2.361337259713358061e-01 -3.268184931836451979e-01 2.079341006298532912e-01
-9.113520774483150344e-01 6.406942392880542181e-02 6.892632039046896475e-01 2.223009993759634817e-01 9.741846925990889083e-01 9.089808621181486581e-01 1.468070626857083560e+00 1.552565043405970346e+00 -7.743930474121647478e-01 -2.397840791050210640e+00
-1.995307651227883783e+00 4.621437982442572201e-01 -2.109203319160629864e+00 1.450592357304078872e+00 -3.205173816920548618e-02 -1.017440581991368553e+00 -2.473717013387549124e-01 2.849087409986073571e-01 8.207079890556674417e-01 -2.536702614008703449e-01
-1.034053787610192510e+00 -1.325387086199524500e+00 6.222762274530321269e-01 1.078321251481506149e+00 -1.318631711825845709e+00 -1.508313146903604185e+00 -6.061717669613194692e-01 -5.707299535921273037e-01 -1.454520618775839491e+00 -9.216163755171079552e-01
7.528419375507051647e-01 4.285050427918226656e-01 1.294342505032327617e+00 6.241228725555535428e-01 2.083897045045436380e-01 -1.875961447404234927e-01 -1.052808957224819597e+00 3.903850804953970521e-02 5.503124330720231550e-01 7.405228656361453887e-02
-3.563343706617406181e-01 -6.475093825639878231e-01 -7.300637670535918833e-01 -3.140682078523112097e-01 -6.396901654266835824e-02 -2.378051791696959238e+00 4.275012322272928045e-01 -9.588522823374118209e-01 -4.536644913006923074e-01 1.221078341180856786e+00
-1.269615263352890322e+00 3.817596310227866496e-01 -6.852780737079759987e-01 -7.823892623108954503e-01 -1.309671263156073406e+00 4.485338245763255127e-01 2.804947572830050473e-01 1.037016454988634040e+00 3.150508845478180442e-01 6.189793265672240974e-01
3.223024486487586771e-01 5.400531687250671453e-01 -8.027015751578542302e-01 -2.082896890616678487e+00 1.402954096029073616e+00 1.428936371576543241e-01 -1.437915134131133588e-01 -1.168412796391966824e+00 -4.920274635894661408e-01 -7.290810508139614621e-01
-9.570706617190248844e-01 1.067778638282930626e+00 -2.849653566048012676e-01 -9.469977159299454161e-01 -2.144891459697907621e+00 -1.178313860296244631e+00 1.107946618855225829e+00 -3.756756944368461748e-01 5.353963586026926069e-02 9.903919770945622814e-01
-1.620820907377124309e-01 -4.275364004571756693e-01 -4.321230548109292191e-01 4.374344346161625485e-01 -3.900308138477468489e-01 -8.321267515093211387e-01 -7.782049785250856333e-01 -1.843129025790325004e+00 9.617153669693979945e-02 -1.562870655547514975e-01
2.652256452639108544e-02 -1.479495925677155821e+00 -2.169848336430395541e-01 5.981734856306336612e-01 5.783987885886827662e-01 -2.554946167113776867e-01 1.336710924438226256e+00 6.842591785976249730e-01 3.171373946197608706e-01 -1.016123687509860263e+00
